512 512
0.00198389 0.0139493 9.99127
-1 -1 1
2 0 0
0 2 0
2 5 8 0.8
0.2
336

T
0.213494 -0.836562 0.705401
0.380253 0.100138 0.550336
0.16407 -0.984586 0.697076
0.5 0.3 0.8 0.5 0.3 0.8 0.2 50

T
0.380253 0.100138 0.550336
0.213494 -0.836562 0.705401
0.232188 -0.74276 0.692715
0.5 0.3 0.8 0.5 0.3 0.8 0.2 50

T
0.213494 -0.836562 0.705401
0.16407 -0.984586 0.697076
0.253109 -0.985157 0.824027
0.5 0.3 0.8 0.5 0.3 0.8 0.2 50

T
0.268895 -0.836919 0.784391
0.213494 -0.836562 0.705401
0.253109 -0.985157 0.824027
0.5 0.3 0.8 0.5 0.3 0.8 0.2 50

T
0.268895 -0.836919 0.784391
0.253109 -0.985157 0.824027
0.277007 -0.96872 0.851148
0.5 0.3 0.8 0.5 0.3 0.8 0.2 50

T
0.268895 -0.836919 0.784391
0.277007 -0.96872 0.851148
0.291791 -0.93064 0.856235
0.5 0.3 0.8 0.5 0.3 0.8 0.2 50

T
0.268895 -0.836919 0.784391
0.291791 -0.93064 0.856235
0.664444 0.939165 0.603297
0.5 0.3 0.8 0.5 0.3 0.8 0.2 50

T
0.287589 -0.743117 0.771706
0.268895 -0.836919 0.784391
0.664444 0.939165 0.603297
0.5 0.3 0.8 0.5 0.3 0.8 0.2 50

T
-0.391418 0.105093 -0.54991
-0.637938 -0.737176 -0.547911
-0.582539 -0.737527 -0.46892
0.5 0.3 0.8 0.5 0.3 0.8 0.2 50

T
-0.607602 -0.97963 -0.403173
-0.391418 0.105093 -0.54991
-0.582539 -0.737527 -0.46892
0.5 0.3 0.8 0.5 0.3 0.8 0.2 50

T
-0.607602 -0.97963 -0.403173
-0.582539 -0.737527 -0.46892
-0.601233 -0.831329 -0.45623
0.5 0.3 0.8 0.5 0.3 0.8 0.2 50

T
-0.700096 -0.979034 -0.535051
-0.607602 -0.97963 -0.403173
-0.601233 -0.831329 -0.45623
0.5 0.3 0.8 0.5 0.3 0.8 0.2 50

T
-0.700096 -0.979034 -0.535051
-0.601233 -0.831329 -0.45623
-0.656633 -0.830972 -0.535221
0.5 0.3 0.8 0.5 0.3 0.8 0.2 50

T
-0.713635 -0.963237 -0.560939
-0.700096 -0.979034 -0.535051
-0.656633 -0.830972 -0.535221
0.5 0.3 0.8 0.5 0.3 0.8 0.2 50

T
-0.714877 -0.930985 -0.576214
-0.713635 -0.963237 -0.560939
-0.656633 -0.830972 -0.535221
0.5 0.3 0.8 0.5 0.3 0.8 0.2 50

T
-0.35455 0.876995 -0.82079
-0.714877 -0.930985 -0.576214
-0.656633 -0.830972 -0.535221
0.5 0.3 0.8 0.5 0.3 0.8 0.2 50

T
-0.35455 0.876995 -0.82079
-0.656633 -0.830972 -0.535221
-0.637938 -0.737176 -0.547911
0.5 0.3 0.8 0.5 0.3 0.8 0.2 50

T
-0.35455 0.876995 -0.82079
-0.637938 -0.737176 -0.547911
-0.391418 0.105093 -0.54991
0.5 0.3 0.8 0.5 0.3 0.8 0.2 50

T
-0.35455 0.876995 -0.82079
-0.391418 0.105093 -0.54991
-0.375988 0.145696 -0.54496
0.5 0.3 0.8 0.5 0.3 0.8 0.2 50

T
-0.35455 0.876995 -0.82079
-0.375988 0.145696 -0.54496
-0.349796 0.163752 -0.51525
0.5 0.3 0.8 0.5 0.3 0.8 0.2 50

T
-0.184427 0.437122 -0.394426
-0.080509 0.958538 -0.464961
-0.0959589 0.958632 -0.48699
0.5 0.3 0.8 0.5 0.3 0.8 0.2 50

T
0.647562 0.994034 0.556288
0.560818 0.994592 0.432611
0.448904 0.433054 0.508574
0.5 0.3 0.8 0.5 0.3 0.8 0.2 50

T
0.287589 -0.743117 0.771706
0.448904 0.433054 0.508574
0.429637 0.386987 0.500453
0.5 0.3 0.8 0.5 0.3 0.8 0.2 50

T
0.380253 0.100138 0.550336
0.232188 -0.74276 0.692715
0.287589 -0.743117 0.771706
0.5 0.3 0.8 0.5 0.3 0.8 0.2 50

T
0.380253 0.100138 0.550336
0.287589 -0.743117 0.771706
0.429637 0.386987 0.500453
0.5 0.3 0.8 0.5 0.3 0.8 0.2 50

T
0.379383 0.137633 0.533389
0.380253 0.100138 0.550336
0.429637 0.386987 0.500453
0.5 0.3 0.8 0.5 0.3 0.8 0.2 50

T
0.36209 0.159181 0.499754
0.379383 0.137633 0.533389
0.429637 0.386987 0.500453
0.5 0.3 0.8 0.5 0.3 0.8 0.2 50

T
0.36209 0.159181 0.499754
0.429637 0.386987 0.500453
0.403718 0.369371 0.470945
0.5 0.3 0.8 0.5 0.3 0.8 0.2 50

T
-0.349796 0.163752 -0.51525
0.36209 0.159181 0.499754
0.403718 0.369371 0.470945
0.5 0.3 0.8 0.5 0.3 0.8 0.2 50

T
-0.349796 0.163752 -0.51525
0.403718 0.369371 0.470945
-0.164707 0.373022 -0.339512
0.5 0.3 0.8 0.5 0.3 0.8 0.2 50

T
-0.349796 0.163752 -0.51525
-0.164707 0.373022 -0.339512
-0.183516 0.392945 -0.374625
0.5 0.3 0.8 0.5 0.3 0.8 0.2 50

T
-0.35455 0.876995 -0.82079
-0.349796 0.163752 -0.51525
-0.183516 0.392945 -0.374625
0.5 0.3 0.8 0.5 0.3 0.8 0.2 50

T
-0.35455 0.876995 -0.82079
-0.183516 0.392945 -0.374625
-0.184427 0.437122 -0.394426
0.5 0.3 0.8 0.5 0.3 0.8 0.2 50

T
-0.35455 0.876995 -0.82079
-0.184427 0.437122 -0.394426
-0.0959589 0.958632 -0.48699
0.5 0.3 0.8 0.5 0.3 0.8 0.2 50

T
-0.281346 1 -0.768142
-0.35455 0.876995 -0.82079
-0.0959589 0.958632 -0.48699
0.5 0.3 0.8 0.5 0.3 0.8 0.2 50

T
-0.218213 0.989479 -0.673889
-0.219688 0.999605 -0.680231
-0.281346 1 -0.768142
0.5 0.3 0.8 0.5 0.3 0.8 0.2 50

T
-0.218213 0.989479 -0.673889
-0.281346 1 -0.768142
-0.0959589 0.958632 -0.48699
0.5 0.3 0.8 0.5 0.3 0.8 0.2 50

T
-0.101001 0.988726 -0.506771
-0.218213 0.989479 -0.673889
-0.0959589 0.958632 -0.48699
0.5 0.3 0.8 0.5 0.3 0.8 0.2 50

T
-0.325552 0.130849 -0.580401
-0.375988 0.145696 -0.54496
-0.391418 0.105093 -0.54991
0.5 0.3 0.8 0.5 0.3 0.8 0.2 50

T
-0.340981 0.0902468 -0.585351
-0.325552 0.130849 -0.580401
-0.391418 0.105093 -0.54991
0.5 0.3 0.8 0.5 0.3 0.8 0.2 50

T
-0.299359 0.148906 -0.550691
-0.349796 0.163752 -0.51525
-0.375988 0.145696 -0.54496
0.5 0.3 0.8 0.5 0.3 0.8 0.2 50

T
-0.325552 0.130849 -0.580401
-0.299359 0.148906 -0.550691
-0.375988 0.145696 -0.54496
0.5 0.3 0.8 0.5 0.3 0.8 0.2 50

T
0.412526 0.144334 0.464313
0.36209 0.159181 0.499754
-0.349796 0.163752 -0.51525
0.5 0.3 0.8 0.5 0.3 0.8 0.2 50

T
-0.299359 0.148906 -0.550691
0.412526 0.144334 0.464313
-0.349796 0.163752 -0.51525
0.5 0.3 0.8 0.5 0.3 0.8 0.2 50

T
0.429819 0.122787 0.497948
0.379383 0.137633 0.533389
0.36209 0.159181 0.499754
0.5 0.3 0.8 0.5 0.3 0.8 0.2 50

T
0.412526 0.144334 0.464313
0.429819 0.122787 0.497948
0.36209 0.159181 0.499754
0.5 0.3 0.8 0.5 0.3 0.8 0.2 50

T
0.43069 0.0852913 0.514894
0.380253 0.100138 0.550336
0.379383 0.137633 0.533389
0.5 0.3 0.8 0.5 0.3 0.8 0.2 50

T
0.429819 0.122787 0.497948
0.43069 0.0852913 0.514894
0.379383 0.137633 0.533389
0.5 0.3 0.8 0.5 0.3 0.8 0.2 50

T
0.214506 -0.999429 0.66163
0.16407 -0.984586 0.697076
0.380253 0.100138 0.550336
0.5 0.3 0.8 0.5 0.3 0.8 0.2 50

T
0.43069 0.0852913 0.514894
0.214506 -0.999429 0.66163
0.380253 0.100138 0.550336
0.5 0.3 0.8 0.5 0.3 0.8 0.2 50

T
0.303546 -1 0.788588
0.253109 -0.985157 0.824027
0.16407 -0.984586 0.697076
0.5 0.3 0.8 0.5 0.3 0.8 0.2 50

T
0.214506 -0.999429 0.66163
0.303546 -1 0.788588
0.16407 -0.984586 0.697076
0.5 0.3 0.8 0.5 0.3 0.8 0.2 50

T
0.327444 -0.983563 0.815708
0.277007 -0.96872 0.851148
0.253109 -0.985157 0.824027
0.5 0.3 0.8 0.5 0.3 0.8 0.2 50

T
0.303546 -1 0.788588
0.327444 -0.983563 0.815708
0.253109 -0.985157 0.824027
0.5 0.3 0.8 0.5 0.3 0.8 0.2 50

T
0.342228 -0.945489 0.820796
0.291791 -0.93064 0.856235
0.277007 -0.96872 0.851148
0.5 0.3 0.8 0.5 0.3 0.8 0.2 50

T
0.327444 -0.983563 0.815708
0.342228 -0.945489 0.820796
0.277007 -0.96872 0.851148
0.5 0.3 0.8 0.5 0.3 0.8 0.2 50

T
0.714877 0.924316 0.567856
0.664444 0.939165 0.603297
0.291791 -0.93064 0.856235
0.5 0.3 0.8 0.5 0.3 0.8 0.2 50

T
0.342228 -0.945489 0.820796
0.714877 0.924316 0.567856
0.291791 -0.93064 0.856235
0.5 0.3 0.8 0.5 0.3 0.8 0.2 50

T
0.713428 0.961016 0.550419
0.662995 0.975866 0.58586
0.664444 0.939165 0.603297
0.5 0.3 0.8 0.5 0.3 0.8 0.2 50

T
0.714877 0.924316 0.567856
0.713428 0.961016 0.550419
0.664444 0.939165 0.603297
0.5 0.3 0.8 0.5 0.3 0.8 0.2 50

T
0.697995 0.979191 0.520847
0.647562 0.994034 0.556288
0.662995 0.975866 0.58586
0.5 0.3 0.8 0.5 0.3 0.8 0.2 50

T
0.713428 0.961016 0.550419
0.697995 0.979191 0.520847
0.662995 0.975866 0.58586
0.5 0.3 0.8 0.5 0.3 0.8 0.2 50

T
0.611255 0.979743 0.397169
0.560818 0.994592 0.432611
0.647562 0.994034 0.556288
0.5 0.3 0.8 0.5 0.3 0.8 0.2 50

T
0.697995 0.979191 0.520847
0.611255 0.979743 0.397169
0.647562 0.994034 0.556288
0.5 0.3 0.8 0.5 0.3 0.8 0.2 50

T
0.49934 0.418208 0.473132
0.448904 0.433054 0.508574
0.560818 0.994592 0.432611
0.5 0.3 0.8 0.5 0.3 0.8 0.2 50

T
0.611255 0.979743 0.397169
0.49934 0.418208 0.473132
0.560818 0.994592 0.432611
0.5 0.3 0.8 0.5 0.3 0.8 0.2 50

T
0.480074 0.37214 0.465011
0.429637 0.386987 0.500453
0.448904 0.433054 0.508574
0.5 0.3 0.8 0.5 0.3 0.8 0.2 50

T
0.49934 0.418208 0.473132
0.480074 0.37214 0.465011
0.448904 0.433054 0.508574
0.5 0.3 0.8 0.5 0.3 0.8 0.2 50

T
0.454154 0.354525 0.435504
0.403718 0.369371 0.470945
0.429637 0.386987 0.500453
0.5 0.3 0.8 0.5 0.3 0.8 0.2 50

T
0.480074 0.37214 0.465011
0.454154 0.354525 0.435504
0.429637 0.386987 0.500453
0.5 0.3 0.8 0.5 0.3 0.8 0.2 50

T
-0.11427 0.358176 -0.374954
-0.164707 0.373022 -0.339512
0.403718 0.369371 0.470945
0.5 0.3 0.8 0.5 0.3 0.8 0.2 50

T
0.454154 0.354525 0.435504
-0.11427 0.358176 -0.374954
0.403718 0.369371 0.470945
0.5 0.3 0.8 0.5 0.3 0.8 0.2 50

T
-0.133079 0.378098 -0.410066
-0.183516 0.392945 -0.374625
-0.164707 0.373022 -0.339512
0.5 0.3 0.8 0.5 0.3 0.8 0.2 50

T
-0.11427 0.358176 -0.374954
-0.133079 0.378098 -0.410066
-0.164707 0.373022 -0.339512
0.5 0.3 0.8 0.5 0.3 0.8 0.2 50

T
-0.13399 0.422275 -0.429868
-0.184427 0.437122 -0.394426
-0.183516 0.392945 -0.374625
0.5 0.3 0.8 0.5 0.3 0.8 0.2 50

T
-0.133079 0.378098 -0.410066
-0.13399 0.422275 -0.429868
-0.183516 0.392945 -0.374625
0.5 0.3 0.8 0.5 0.3 0.8 0.2 50

T
-0.0300726 0.943689 -0.500402
-0.080509 0.958538 -0.464961
-0.184427 0.437122 -0.394426
0.5 0.3 0.8 0.5 0.3 0.8 0.2 50

T
-0.13399 0.422275 -0.429868
-0.0300726 0.943689 -0.500402
-0.184427 0.437122 -0.394426
0.5 0.3 0.8 0.5 0.3 0.8 0.2 50

T
-0.0455225 0.943789 -0.522431
-0.0959589 0.958632 -0.48699
-0.080509 0.958538 -0.464961
0.5 0.3 0.8 0.5 0.3 0.8 0.2 50

T
-0.0300726 0.943689 -0.500402
-0.0455225 0.943789 -0.522431
-0.080509 0.958538 -0.464961
0.5 0.3 0.8 0.5 0.3 0.8 0.2 50

T
-0.050564 0.973883 -0.542212
-0.101001 0.988726 -0.506771
-0.0959589 0.958632 -0.48699
0.5 0.3 0.8 0.5 0.3 0.8 0.2 50

T
-0.0455225 0.943789 -0.522431
-0.050564 0.973883 -0.542212
-0.0959589 0.958632 -0.48699
0.5 0.3 0.8 0.5 0.3 0.8 0.2 50

T
-0.167776 0.974636 -0.709334
-0.218213 0.989479 -0.673889
-0.101001 0.988726 -0.506771
0.5 0.3 0.8 0.5 0.3 0.8 0.2 50

T
-0.050564 0.973883 -0.542212
-0.167776 0.974636 -0.709334
-0.101001 0.988726 -0.506771
0.5 0.3 0.8 0.5 0.3 0.8 0.2 50

T
-0.169251 0.984755 -0.71567
-0.219688 0.999605 -0.680231
-0.218213 0.989479 -0.673889
0.5 0.3 0.8 0.5 0.3 0.8 0.2 50

T
-0.167776 0.974636 -0.709334
-0.169251 0.984755 -0.71567
-0.218213 0.989479 -0.673889
0.5 0.3 0.8 0.5 0.3 0.8 0.2 50

T
-0.230909 0.985157 -0.803582
-0.281346 1 -0.768142
-0.219688 0.999605 -0.680231
0.5 0.3 0.8 0.5 0.3 0.8 0.2 50

T
-0.169251 0.984755 -0.71567
-0.230909 0.985157 -0.803582
-0.219688 0.999605 -0.680231
0.5 0.3 0.8 0.5 0.3 0.8 0.2 50

T
-0.304113 0.862145 -0.856235
-0.35455 0.876995 -0.82079
-0.281346 1 -0.768142
0.5 0.3 0.8 0.5 0.3 0.8 0.2 50

T
-0.230909 0.985157 -0.803582
-0.304113 0.862145 -0.856235
-0.281346 1 -0.768142
0.5 0.3 0.8 0.5 0.3 0.8 0.2 50

T
-0.664444 -0.945834 -0.611656
-0.714877 -0.930985 -0.576214
-0.35455 0.876995 -0.82079
0.5 0.3 0.8 0.5 0.3 0.8 0.2 50

T
-0.304113 0.862145 -0.856235
-0.664444 -0.945834 -0.611656
-0.35455 0.876995 -0.82079
0.5 0.3 0.8 0.5 0.3 0.8 0.2 50

T
-0.663202 -0.97808 -0.59638
-0.713635 -0.963237 -0.560939
-0.714877 -0.930985 -0.576214
0.5 0.3 0.8 0.5 0.3 0.8 0.2 50

T
-0.664444 -0.945834 -0.611656
-0.663202 -0.97808 -0.59638
-0.714877 -0.930985 -0.576214
0.5 0.3 0.8 0.5 0.3 0.8 0.2 50

T
-0.649657 -0.993883 -0.570492
-0.700096 -0.979034 -0.535051
-0.713635 -0.963237 -0.560939
0.5 0.3 0.8 0.5 0.3 0.8 0.2 50

T
-0.663202 -0.97808 -0.59638
-0.649657 -0.993883 -0.570492
-0.713635 -0.963237 -0.560939
0.5 0.3 0.8 0.5 0.3 0.8 0.2 50

T
-0.557166 -0.994473 -0.438614
-0.607602 -0.97963 -0.403173
-0.700096 -0.979034 -0.535051
0.5 0.3 0.8 0.5 0.3 0.8 0.2 50

T
-0.649657 -0.993883 -0.570492
-0.557166 -0.994473 -0.438614
-0.700096 -0.979034 -0.535051
0.5 0.3 0.8 0.5 0.3 0.8 0.2 50

T
-0.340981 0.0902468 -0.585351
-0.391418 0.105093 -0.54991
-0.607602 -0.97963 -0.403173
0.5 0.3 0.8 0.5 0.3 0.8 0.2 50

T
-0.557166 -0.994473 -0.438614
-0.340981 0.0902468 -0.585351
-0.607602 -0.97963 -0.403173
0.5 0.3 0.8 0.5 0.3 0.8 0.2 50

T
0.282624 -0.757609 0.65727
0.232188 -0.74276 0.692715
0.213494 -0.836562 0.705401
0.5 0.3 0.8 0.5 0.3 0.8 0.2 50

T
0.26393 -0.851411 0.669961
0.282624 -0.757609 0.65727
0.213494 -0.836562 0.705401
0.5 0.3 0.8 0.5 0.3 0.8 0.2 50

T
0.338026 -0.757967 0.736266
0.287589 -0.743117 0.771706
0.232188 -0.74276 0.692715
0.5 0.3 0.8 0.5 0.3 0.8 0.2 50

T
0.282624 -0.757609 0.65727
0.338026 -0.757967 0.736266
0.232188 -0.74276 0.692715
0.5 0.3 0.8 0.5 0.3 0.8 0.2 50

T
0.319332 -0.851762 0.748951
0.268895 -0.836919 0.784391
0.287589 -0.743117 0.771706
0.5 0.3 0.8 0.5 0.3 0.8 0.2 50

T
0.338026 -0.757967 0.736266
0.319332 -0.851762 0.748951
0.287589 -0.743117 0.771706
0.5 0.3 0.8 0.5 0.3 0.8 0.2 50

T
0.26393 -0.851411 0.669961
0.213494 -0.836562 0.705401
0.268895 -0.836919 0.784391
0.5 0.3 0.8 0.5 0.3 0.8 0.2 50

T
0.319332 -0.851762 0.748951
0.26393 -0.851411 0.669961
0.268895 -0.836919 0.784391
0.5 0.3 0.8 0.5 0.3 0.8 0.2 50

T
-0.587503 -0.752019 -0.583352
-0.637938 -0.737176 -0.547911
-0.656633 -0.830972 -0.535221
0.5 0.3 0.8 0.5 0.3 0.8 0.2 50

T
-0.606198 -0.845821 -0.570663
-0.587503 -0.752019 -0.583352
-0.656633 -0.830972 -0.535221
0.5 0.3 0.8 0.5 0.3 0.8 0.2 50

T
-0.532102 -0.752377 -0.504361
-0.582539 -0.737527 -0.46892
-0.637938 -0.737176 -0.547911
0.5 0.3 0.8 0.5 0.3 0.8 0.2 50

T
-0.587503 -0.752019 -0.583352
-0.532102 -0.752377 -0.504361
-0.637938 -0.737176 -0.547911
0.5 0.3 0.8 0.5 0.3 0.8 0.2 50

T
-0.550797 -0.846179 -0.491672
-0.601233 -0.831329 -0.45623
-0.582539 -0.737527 -0.46892
0.5 0.3 0.8 0.5 0.3 0.8 0.2 50

T
-0.532102 -0.752377 -0.504361
-0.550797 -0.846179 -0.491672
-0.582539 -0.737527 -0.46892
0.5 0.3 0.8 0.5 0.3 0.8 0.2 50

T
-0.606198 -0.845821 -0.570663
-0.656633 -0.830972 -0.535221
-0.601233 -0.831329 -0.45623
0.5 0.3 0.8 0.5 0.3 0.8 0.2 50

T
-0.550797 -0.846179 -0.491672
-0.606198 -0.845821 -0.570663
-0.601233 -0.831329 -0.45623
0.5 0.3 0.8 0.5 0.3 0.8 0.2 50

T
0.214506 -0.999429 0.66163
0.43069 0.0852913 0.514894
0.26393 -0.851411 0.669961
0.5 0.3 0.8 0.5 0.3 0.8 0.2 50

T
0.282624 -0.757609 0.65727
0.26393 -0.851411 0.669961
0.43069 0.0852913 0.514894
0.5 0.3 0.8 0.5 0.3 0.8 0.2 50

T
0.303546 -1 0.788588
0.214506 -0.999429 0.66163
0.26393 -0.851411 0.669961
0.5 0.3 0.8 0.5 0.3 0.8 0.2 50

T
0.303546 -1 0.788588
0.26393 -0.851411 0.669961
0.319332 -0.851762 0.748951
0.5 0.3 0.8 0.5 0.3 0.8 0.2 50

T
0.327444 -0.983563 0.815708
0.303546 -1 0.788588
0.319332 -0.851762 0.748951
0.5 0.3 0.8 0.5 0.3 0.8 0.2 50

T
0.342228 -0.945489 0.820796
0.327444 -0.983563 0.815708
0.319332 -0.851762 0.748951
0.5 0.3 0.8 0.5 0.3 0.8 0.2 50

T
0.714877 0.924316 0.567856
0.342228 -0.945489 0.820796
0.319332 -0.851762 0.748951
0.5 0.3 0.8 0.5 0.3 0.8 0.2 50

T
0.714877 0.924316 0.567856
0.319332 -0.851762 0.748951
0.338026 -0.757967 0.736266
0.5 0.3 0.8 0.5 0.3 0.8 0.2 50

T
-0.532102 -0.752377 -0.504361
-0.587503 -0.752019 -0.583352
-0.340981 0.0902468 -0.585351
0.5 0.3 0.8 0.5 0.3 0.8 0.2 50

T
-0.532102 -0.752377 -0.504361
-0.340981 0.0902468 -0.585351
-0.557166 -0.994473 -0.438614
0.5 0.3 0.8 0.5 0.3 0.8 0.2 50

T
-0.550797 -0.846179 -0.491672
-0.532102 -0.752377 -0.504361
-0.557166 -0.994473 -0.438614
0.5 0.3 0.8 0.5 0.3 0.8 0.2 50

T
-0.550797 -0.846179 -0.491672
-0.557166 -0.994473 -0.438614
-0.649657 -0.993883 -0.570492
0.5 0.3 0.8 0.5 0.3 0.8 0.2 50

T
-0.606198 -0.845821 -0.570663
-0.550797 -0.846179 -0.491672
-0.649657 -0.993883 -0.570492
0.5 0.3 0.8 0.5 0.3 0.8 0.2 50

T
-0.606198 -0.845821 -0.570663
-0.649657 -0.993883 -0.570492
-0.663202 -0.97808 -0.59638
0.5 0.3 0.8 0.5 0.3 0.8 0.2 50

T
-0.606198 -0.845821 -0.570663
-0.663202 -0.97808 -0.59638
-0.664444 -0.945834 -0.611656
0.5 0.3 0.8 0.5 0.3 0.8 0.2 50

T
-0.606198 -0.845821 -0.570663
-0.664444 -0.945834 -0.611656
-0.304113 0.862145 -0.856235
0.5 0.3 0.8 0.5 0.3 0.8 0.2 50

T
-0.587503 -0.752019 -0.583352
-0.606198 -0.845821 -0.570663
-0.304113 0.862145 -0.856235
0.5 0.3 0.8 0.5 0.3 0.8 0.2 50

T
-0.340981 0.0902468 -0.585351
-0.587503 -0.752019 -0.583352
-0.304113 0.862145 -0.856235
0.5 0.3 0.8 0.5 0.3 0.8 0.2 50

T
-0.325552 0.130849 -0.580401
-0.340981 0.0902468 -0.585351
-0.304113 0.862145 -0.856235
0.5 0.3 0.8 0.5 0.3 0.8 0.2 50

T
-0.299359 0.148906 -0.550691
-0.325552 0.130849 -0.580401
-0.304113 0.862145 -0.856235
0.5 0.3 0.8 0.5 0.3 0.8 0.2 50

T
-0.0455225 0.943789 -0.522431
-0.0300726 0.943689 -0.500402
-0.13399 0.422275 -0.429868
0.5 0.3 0.8 0.5 0.3 0.8 0.2 50

T
0.49934 0.418208 0.473132
0.611255 0.979743 0.397169
0.697995 0.979191 0.520847
0.5 0.3 0.8 0.5 0.3 0.8 0.2 50

T
0.49934 0.418208 0.473132
0.697995 0.979191 0.520847
0.713428 0.961016 0.550419
0.5 0.3 0.8 0.5 0.3 0.8 0.2 50

T
0.49934 0.418208 0.473132
0.713428 0.961016 0.550419
0.714877 0.924316 0.567856
0.5 0.3 0.8 0.5 0.3 0.8 0.2 50

T
0.49934 0.418208 0.473132
0.714877 0.924316 0.567856
0.338026 -0.757967 0.736266
0.5 0.3 0.8 0.5 0.3 0.8 0.2 50

T
0.480074 0.37214 0.465011
0.49934 0.418208 0.473132
0.338026 -0.757967 0.736266
0.5 0.3 0.8 0.5 0.3 0.8 0.2 50

T
0.338026 -0.757967 0.736266
0.282624 -0.757609 0.65727
0.43069 0.0852913 0.514894
0.5 0.3 0.8 0.5 0.3 0.8 0.2 50

T
0.480074 0.37214 0.465011
0.338026 -0.757967 0.736266
0.43069 0.0852913 0.514894
0.5 0.3 0.8 0.5 0.3 0.8 0.2 50

T
0.480074 0.37214 0.465011
0.43069 0.0852913 0.514894
0.429819 0.122787 0.497948
0.5 0.3 0.8 0.5 0.3 0.8 0.2 50

T
0.480074 0.37214 0.465011
0.429819 0.122787 0.497948
0.412526 0.144334 0.464313
0.5 0.3 0.8 0.5 0.3 0.8 0.2 50

T
0.454154 0.354525 0.435504
0.480074 0.37214 0.465011
0.412526 0.144334 0.464313
0.5 0.3 0.8 0.5 0.3 0.8 0.2 50

T
0.454154 0.354525 0.435504
0.412526 0.144334 0.464313
-0.299359 0.148906 -0.550691
0.5 0.3 0.8 0.5 0.3 0.8 0.2 50

T
-0.11427 0.358176 -0.374954
0.454154 0.354525 0.435504
-0.299359 0.148906 -0.550691
0.5 0.3 0.8 0.5 0.3 0.8 0.2 50

T
-0.133079 0.378098 -0.410066
-0.11427 0.358176 -0.374954
-0.299359 0.148906 -0.550691
0.5 0.3 0.8 0.5 0.3 0.8 0.2 50

T
-0.133079 0.378098 -0.410066
-0.299359 0.148906 -0.550691
-0.304113 0.862145 -0.856235
0.5 0.3 0.8 0.5 0.3 0.8 0.2 50

T
-0.13399 0.422275 -0.429868
-0.133079 0.378098 -0.410066
-0.304113 0.862145 -0.856235
0.5 0.3 0.8 0.5 0.3 0.8 0.2 50

T
-0.0455225 0.943789 -0.522431
-0.13399 0.422275 -0.429868
-0.304113 0.862145 -0.856235
0.5 0.3 0.8 0.5 0.3 0.8 0.2 50

T
-0.0455225 0.943789 -0.522431
-0.304113 0.862145 -0.856235
-0.230909 0.985157 -0.803582
0.5 0.3 0.8 0.5 0.3 0.8 0.2 50

T
-0.230909 0.985157 -0.803582
-0.169251 0.984755 -0.71567
-0.167776 0.974636 -0.709334
0.5 0.3 0.8 0.5 0.3 0.8 0.2 50

T
-0.0455225 0.943789 -0.522431
-0.230909 0.985157 -0.803582
-0.167776 0.974636 -0.709334
0.5 0.3 0.8 0.5 0.3 0.8 0.2 50

T
-0.0455225 0.943789 -0.522431
-0.167776 0.974636 -0.709334
-0.050564 0.973883 -0.542212
0.5 0.3 0.8 0.5 0.3 0.8 0.2 50

T
0.592967 0.832132 0.546418
0.662995 0.975866 0.58586
0.647562 0.994034 0.556288
0.5 0.3 0.8 0.5 0.3 0.8 0.2 50

T
0.664444 0.939165 0.603297
0.662995 0.975866 0.58586
0.592967 0.832132 0.546418
0.5 0.3 0.8 0.5 0.3 0.8 0.2 50

T
0.542694 0.697314 0.531347
0.592967 0.832132 0.546418
0.647562 0.994034 0.556288
0.5 0.3 0.8 0.5 0.3 0.8 0.2 50

T
0.542694 0.697314 0.531347
0.647562 0.994034 0.556288
0.448904 0.433054 0.508574
0.5 0.3 0.8 0.5 0.3 0.8 0.2 50

T
0.542694 0.697314 0.531347
0.448904 0.433054 0.508574
0.557098 0.697314 0.551846
0.5 0.3 0.8 0.5 0.3 0.8 0.2 50

T
0.589687 0.697352 0.59821
0.664444 0.939165 0.603297
0.592967 0.832132 0.546418
0.5 0.3 0.8 0.5 0.3 0.8 0.2 50

T
0.557098 0.697314 0.551846
0.448904 0.433054 0.508574
0.547234 0.647822 0.558542
0.5 0.3 0.8 0.5 0.3 0.8 0.2 50

T
0.589687 0.697352 0.59821
0.287589 -0.743117 0.771706
0.664444 0.939165 0.603297
0.5 0.3 0.8 0.5 0.3 0.8 0.2 50

T
0.547234 0.647822 0.558542
0.448904 0.433054 0.508574
0.287589 -0.743117 0.771706
0.5 0.3 0.8 0.5 0.3 0.8 0.2 50

T
0.547234 0.647822 0.558542
0.287589 -0.743117 0.771706
0.566106 0.647703 0.585449
0.5 0.3 0.8 0.5 0.3 0.8 0.2 50

T
0.287589 -0.743117 0.771706
0.589687 0.697352 0.59821
0.566106 0.647703 0.585449
0.5 0.3 0.8 0.5 0.3 0.8 0.2 50

T
0.576002 0.697352 0.578733
0.566106 0.647703 0.585449
0.589687 0.697352 0.59821
0.5 0.3 0.8 0.5 0.3 0.8 0.2 50

T
0.559958 0.696473 0.549837
0.595827 0.831286 0.544408
0.545554 0.696473 0.529338
0.5 0.3 0.8 0.5 0.3 0.8 0.2 50

T
0.595827 0.831286 0.544408
0.578862 0.696511 0.576723
0.592548 0.696511 0.596199
0.5 0.3 0.8 0.5 0.3 0.8 0.2 50

T
0.559958 0.696473 0.549837
0.578862 0.696511 0.576723
0.595827 0.831286 0.544408
0.5 0.3 0.8 0.5 0.3 0.8 0.2 50

T
0.559958 0.696473 0.549837
0.568967 0.646862 0.58344
0.578862 0.696511 0.576723
0.5 0.3 0.8 0.5 0.3 0.8 0.2 50

T
0.550095 0.646981 0.556532
0.568967 0.646862 0.58344
0.559958 0.696473 0.549837
0.5 0.3 0.8 0.5 0.3 0.8 0.2 50

T
0.592548 0.696511 0.596199
0.592967 0.832132 0.546418
0.595827 0.831286 0.544408
0.5 0.3 0.8 0.5 0.3 0.8 0.2 50

T
0.545554 0.696473 0.529338
0.595827 0.831286 0.544408
0.592967 0.832132 0.546418
0.5 0.3 0.8 0.5 0.3 0.8 0.2 50

T
0.592967 0.832132 0.546418
0.542694 0.697314 0.531347
0.545554 0.696473 0.529338
0.5 0.3 0.8 0.5 0.3 0.8 0.2 50

T
0.559958 0.696473 0.549837
0.545554 0.696473 0.529338
0.542694 0.697314 0.531347
0.5 0.3 0.8 0.5 0.3 0.8 0.2 50

T
0.559958 0.696473 0.549837
0.542694 0.697314 0.531347
0.557098 0.697314 0.551846
0.5 0.3 0.8 0.5 0.3 0.8 0.2 50

T
0.592548 0.696511 0.596199
0.589687 0.697352 0.59821
0.592967 0.832132 0.546418
0.5 0.3 0.8 0.5 0.3 0.8 0.2 50

T
0.550095 0.646981 0.556532
0.559958 0.696473 0.549837
0.557098 0.697314 0.551846
0.5 0.3 0.8 0.5 0.3 0.8 0.2 50

T
0.547234 0.647822 0.558542
0.550095 0.646981 0.556532
0.557098 0.697314 0.551846
0.5 0.3 0.8 0.5 0.3 0.8 0.2 50

T
0.568967 0.646862 0.58344
0.550095 0.646981 0.556532
0.547234 0.647822 0.558542
0.5 0.3 0.8 0.5 0.3 0.8 0.2 50

T
0.578862 0.696511 0.576723
0.568967 0.646862 0.58344
0.566106 0.647703 0.585449
0.5 0.3 0.8 0.5 0.3 0.8 0.2 50

T
0.568967 0.646862 0.58344
0.547234 0.647822 0.558542
0.566106 0.647703 0.585449
0.5 0.3 0.8 0.5 0.3 0.8 0.2 50

T
0.566106 0.647703 0.585449
0.576002 0.697352 0.578733
0.578862 0.696511 0.576723
0.5 0.3 0.8 0.5 0.3 0.8 0.2 50

T
0.592548 0.696511 0.596199
0.578862 0.696511 0.576723
0.576002 0.697352 0.578733
0.5 0.3 0.8 0.5 0.3 0.8 0.2 50

T
0.592548 0.696511 0.596199
0.576002 0.697352 0.578733
0.589687 0.697352 0.59821
0.5 0.3 0.8 0.5 0.3 0.8 0.2 50

T
0.425219 0.19675 0.564355
-0.393174 0.202006 -0.602506
-0.627405 -0.973262 -0.44352
0.5 0.3 0.8 0.5 0.3 0.8 0.2 50

T
0.425219 0.19675 0.564355
-0.627405 -0.973262 -0.44352
0.190989 -0.978513 0.723343
0.5 0.3 0.8 0.5 0.3 0.8 0.2 50

T
0.524652 0.958526 0.386751
0.0971477 0.925589 -0.207838
0.196735 0.924956 -0.0658465
0.5 0.3 0.8 0.5 0.3 0.8 0.2 50

T
0.0971477 0.925589 -0.207838
0.524652 0.958526 0.386751
0.520728 0.980652 0.371899
0.5 0.3 0.8 0.5 0.3 0.8 0.2 50

T
0.0971477 0.925589 -0.207838
0.520728 0.980652 0.371899
0.061743 0.983595 -0.28252
0.5 0.3 0.8 0.5 0.3 0.8 0.2 50

T
0.0971477 0.925589 -0.207838
0.061743 0.983595 -0.28252
0.0565427 0.957503 -0.27899
0.5 0.3 0.8 0.5 0.3 0.8 0.2 50

T
0.458666 0.351228 0.547243
0.57963 0.958174 0.465138
0.524652 0.958526 0.386751
0.5 0.3 0.8 0.5 0.3 0.8 0.2 50

T
0.00961043 0.957804 -0.345906
-0.101486 0.958519 -0.504307
-0.221648 0.355597 -0.422746
0.5 0.3 0.8 0.5 0.3 0.8 0.2 50

T
0.00277826 0.923525 -0.341268
0.00961043 0.957804 -0.345906
-0.221648 0.355597 -0.422746
0.5 0.3 0.8 0.5 0.3 0.8 0.2 50

T
0.524652 0.958526 0.386751
0.196735 0.924956 -0.0658465
0.0955298 0.417149 0.00284749
0.5 0.3 0.8 0.5 0.3 0.8 0.2 50

T
0.458666 0.351228 0.547243
0.524652 0.958526 0.386751
0.0955298 0.417149 0.00284749
0.5 0.3 0.8 0.5 0.3 0.8 0.2 50

T
-0.221648 0.355597 -0.422746
0.458666 0.351228 0.547243
0.0955298 0.417149 0.00284749
0.5 0.3 0.8 0.5 0.3 0.8 0.2 50

T
-0.221648 0.355597 -0.422746
0.0955298 0.417149 0.00284749
-0.00405745 0.417789 -0.139143
0.5 0.3 0.8 0.5 0.3 0.8 0.2 50

T
0.00277826 0.923525 -0.341268
-0.221648 0.355597 -0.422746
-0.00405745 0.417789 -0.139143
0.5 0.3 0.8 0.5 0.3 0.8 0.2 50

T
0.0265277 0.923375 -0.307407
0.00277826 0.923525 -0.341268
-0.00405745 0.417789 -0.139143
0.5 0.3 0.8 0.5 0.3 0.8 0.2 50

T
0.0265277 0.923375 -0.307407
-0.00405745 0.417789 -0.139143
0.0971477 0.925589 -0.207838
0.5 0.3 0.8 0.5 0.3 0.8 0.2 50

T
0.0565427 0.957503 -0.27899
0.0265277 0.923375 -0.307407
0.0971477 0.925589 -0.207838
0.5 0.3 0.8 0.5 0.3 0.8 0.2 50

T
0.232978 -0.990872 0.693838
0.190989 -0.978513 0.723343
-0.627405 -0.973262 -0.44352
0.5 0.3 0.8 0.5 0.3 0.8 0.2 50

T
-0.585415 -0.985621 -0.473025
0.232978 -0.990872 0.693838
-0.627405 -0.973262 -0.44352
0.5 0.3 0.8 0.5 0.3 0.8 0.2 50

T
0.467207 0.18439 0.53485
0.425219 0.19675 0.564355
0.190989 -0.978513 0.723343
0.5 0.3 0.8 0.5 0.3 0.8 0.2 50

T
0.232978 -0.990872 0.693838
0.467207 0.18439 0.53485
0.190989 -0.978513 0.723343
0.5 0.3 0.8 0.5 0.3 0.8 0.2 50

T
-0.351186 0.189646 -0.632013
-0.393174 0.202006 -0.602506
0.425219 0.19675 0.564355
0.5 0.3 0.8 0.5 0.3 0.8 0.2 50

T
0.467207 0.18439 0.53485
-0.351186 0.189646 -0.632013
0.425219 0.19675 0.564355
0.5 0.3 0.8 0.5 0.3 0.8 0.2 50

T
-0.585415 -0.985621 -0.473025
-0.627405 -0.973262 -0.44352
-0.393174 0.202006 -0.602506
0.5 0.3 0.8 0.5 0.3 0.8 0.2 50

T
-0.351186 0.189646 -0.632013
-0.585415 -0.985621 -0.473025
-0.393174 0.202006 -0.602506
0.5 0.3 0.8 0.5 0.3 0.8 0.2 50

T
0.139136 0.913231 -0.237343
0.0971477 0.925589 -0.207838
-0.00405745 0.417789 -0.139143
0.5 0.3 0.8 0.5 0.3 0.8 0.2 50

T
0.037931 0.405429 -0.168649
0.139136 0.913231 -0.237343
-0.00405745 0.417789 -0.139143
0.5 0.3 0.8 0.5 0.3 0.8 0.2 50

T
0.238723 0.912591 -0.0953516
0.196735 0.924956 -0.0658465
0.0971477 0.925589 -0.207838
0.5 0.3 0.8 0.5 0.3 0.8 0.2 50

T
0.139136 0.913231 -0.237343
0.238723 0.912591 -0.0953516
0.0971477 0.925589 -0.207838
0.5 0.3 0.8 0.5 0.3 0.8 0.2 50

T
0.137519 0.404789 -0.0266574
0.0955298 0.417149 0.00284749
0.196735 0.924956 -0.0658465
0.5 0.3 0.8 0.5 0.3 0.8 0.2 50

T
0.238723 0.912591 -0.0953516
0.137519 0.404789 -0.0266574
0.196735 0.924956 -0.0658465
0.5 0.3 0.8 0.5 0.3 0.8 0.2 50

T
0.037931 0.405429 -0.168649
-0.00405745 0.417789 -0.139143
0.0955298 0.417149 0.00284749
0.5 0.3 0.8 0.5 0.3 0.8 0.2 50

T
0.137519 0.404789 -0.0266574
0.037931 0.405429 -0.168649
0.0955298 0.417149 0.00284749
0.5 0.3 0.8 0.5 0.3 0.8 0.2 50

T
0.562717 0.968287 0.342394
0.520728 0.980652 0.371899
0.524652 0.958526 0.386751
0.5 0.3 0.8 0.5 0.3 0.8 0.2 50

T
0.566641 0.946167 0.357246
0.562717 0.968287 0.342394
0.524652 0.958526 0.386751
0.5 0.3 0.8 0.5 0.3 0.8 0.2 50

T
0.103732 0.971236 -0.312025
0.061743 0.983595 -0.28252
0.520728 0.980652 0.371899
0.5 0.3 0.8 0.5 0.3 0.8 0.2 50

T
0.562717 0.968287 0.342394
0.103732 0.971236 -0.312025
0.520728 0.980652 0.371899
0.5 0.3 0.8 0.5 0.3 0.8 0.2 50

T
0.098531 0.945144 -0.308495
0.0565427 0.957503 -0.27899
0.061743 0.983595 -0.28252
0.5 0.3 0.8 0.5 0.3 0.8 0.2 50

T
0.103732 0.971236 -0.312025
0.098531 0.945144 -0.308495
0.061743 0.983595 -0.28252
0.5 0.3 0.8 0.5 0.3 0.8 0.2 50

T
0.0685165 0.91101 -0.336912
0.0265277 0.923375 -0.307407
0.0565427 0.957503 -0.27899
0.5 0.3 0.8 0.5 0.3 0.8 0.2 50

T
0.098531 0.945144 -0.308495
0.0685165 0.91101 -0.336912
0.0565427 0.957503 -0.27899
0.5 0.3 0.8 0.5 0.3 0.8 0.2 50

T
0.0447668 0.911167 -0.370773
0.00277826 0.923525 -0.341268
0.0265277 0.923375 -0.307407
0.5 0.3 0.8 0.5 0.3 0.8 0.2 50

T
0.0685165 0.91101 -0.336912
0.0447668 0.911167 -0.370773
0.0265277 0.923375 -0.307407
0.5 0.3 0.8 0.5 0.3 0.8 0.2 50

T
0.051599 0.945445 -0.375411
0.00961043 0.957804 -0.345906
0.00277826 0.923525 -0.341268
0.5 0.3 0.8 0.5 0.3 0.8 0.2 50

T
0.0447668 0.911167 -0.370773
0.051599 0.945445 -0.375411
0.00277826 0.923525 -0.341268
0.5 0.3 0.8 0.5 0.3 0.8 0.2 50

T
-0.0594976 0.94616 -0.533812
-0.101486 0.958519 -0.504307
0.00961043 0.957804 -0.345906
0.5 0.3 0.8 0.5 0.3 0.8 0.2 50

T
0.051599 0.945445 -0.375411
-0.0594976 0.94616 -0.533812
0.00961043 0.957804 -0.345906
0.5 0.3 0.8 0.5 0.3 0.8 0.2 50

T
-0.179659 0.343238 -0.45225
-0.221648 0.355597 -0.422746
-0.101486 0.958519 -0.504307
0.5 0.3 0.8 0.5 0.3 0.8 0.2 50

T
-0.0594976 0.94616 -0.533812
-0.179659 0.343238 -0.45225
-0.101486 0.958519 -0.504307
0.5 0.3 0.8 0.5 0.3 0.8 0.2 50

T
0.500655 0.338869 0.517738
0.458666 0.351228 0.547243
-0.221648 0.355597 -0.422746
0.5 0.3 0.8 0.5 0.3 0.8 0.2 50

T
-0.179659 0.343238 -0.45225
0.500655 0.338869 0.517738
-0.221648 0.355597 -0.422746
0.5 0.3 0.8 0.5 0.3 0.8 0.2 50

T
0.621618 0.945815 0.435632
0.57963 0.958174 0.465138
0.458666 0.351228 0.547243
0.5 0.3 0.8 0.5 0.3 0.8 0.2 50

T
0.500655 0.338869 0.517738
0.621618 0.945815 0.435632
0.458666 0.351228 0.547243
0.5 0.3 0.8 0.5 0.3 0.8 0.2 50

T
0.566641 0.946167 0.357246
0.524652 0.958526 0.386751
0.57963 0.958174 0.465138
0.5 0.3 0.8 0.5 0.3 0.8 0.2 50

T
0.621618 0.945815 0.435632
0.566641 0.946167 0.357246
0.57963 0.958174 0.465138
0.5 0.3 0.8 0.5 0.3 0.8 0.2 50

T
-0.585415 -0.985621 -0.473025
-0.351186 0.189646 -0.632013
0.467207 0.18439 0.53485
0.5 0.3 0.8 0.5 0.3 0.8 0.2 50

T
0.232978 -0.990872 0.693838
-0.585415 -0.985621 -0.473025
0.467207 0.18439 0.53485
0.5 0.3 0.8 0.5 0.3 0.8 0.2 50

T
0.238723 0.912591 -0.0953516
0.139136 0.913231 -0.237343
0.566641 0.946167 0.357246
0.5 0.3 0.8 0.5 0.3 0.8 0.2 50

T
0.562717 0.968287 0.342394
0.566641 0.946167 0.357246
0.139136 0.913231 -0.237343
0.5 0.3 0.8 0.5 0.3 0.8 0.2 50

T
0.103732 0.971236 -0.312025
0.562717 0.968287 0.342394
0.139136 0.913231 -0.237343
0.5 0.3 0.8 0.5 0.3 0.8 0.2 50

T
0.098531 0.945144 -0.308495
0.103732 0.971236 -0.312025
0.139136 0.913231 -0.237343
0.5 0.3 0.8 0.5 0.3 0.8 0.2 50

T
0.566641 0.946167 0.357246
0.621618 0.945815 0.435632
0.500655 0.338869 0.517738
0.5 0.3 0.8 0.5 0.3 0.8 0.2 50

T
-0.179659 0.343238 -0.45225
-0.0594976 0.94616 -0.533812
0.051599 0.945445 -0.375411
0.5 0.3 0.8 0.5 0.3 0.8 0.2 50

T
-0.179659 0.343238 -0.45225
0.051599 0.945445 -0.375411
0.0447668 0.911167 -0.370773
0.5 0.3 0.8 0.5 0.3 0.8 0.2 50

T
0.137519 0.404789 -0.0266574
0.238723 0.912591 -0.0953516
0.566641 0.946167 0.357246
0.5 0.3 0.8 0.5 0.3 0.8 0.2 50

T
0.137519 0.404789 -0.0266574
0.566641 0.946167 0.357246
0.500655 0.338869 0.517738
0.5 0.3 0.8 0.5 0.3 0.8 0.2 50

T
0.137519 0.404789 -0.0266574
0.500655 0.338869 0.517738
-0.179659 0.343238 -0.45225
0.5 0.3 0.8 0.5 0.3 0.8 0.2 50

T
0.037931 0.405429 -0.168649
0.137519 0.404789 -0.0266574
-0.179659 0.343238 -0.45225
0.5 0.3 0.8 0.5 0.3 0.8 0.2 50

T
0.037931 0.405429 -0.168649
-0.179659 0.343238 -0.45225
0.0447668 0.911167 -0.370773
0.5 0.3 0.8 0.5 0.3 0.8 0.2 50

T
0.037931 0.405429 -0.168649
0.0447668 0.911167 -0.370773
0.0685165 0.91101 -0.336912
0.5 0.3 0.8 0.5 0.3 0.8 0.2 50

T
0.139136 0.913231 -0.237343
0.037931 0.405429 -0.168649
0.0685165 0.91101 -0.336912
0.5 0.3 0.8 0.5 0.3 0.8 0.2 50

T
0.139136 0.913231 -0.237343
0.0685165 0.91101 -0.336912
0.098531 0.945144 -0.308495
0.5 0.3 0.8 0.5 0.3 0.8 0.2 50

T
-0.591068 -0.976989 -0.381573
0.151623 -0.981757 0.677352
0.364384 0.0857901 0.532939
0.5 0.3 0.8 0.5 0.3 0.8 0.2 50

T
-0.379013 0.0870185 -0.525507
-0.591068 -0.976989 -0.381573
0.364384 0.0857901 0.532939
0.5 0.3 0.8 0.5 0.3 0.8 0.2 50

T
-0.379013 0.0870185 -0.525507
0.364384 0.0857901 0.532939
0.364654 0.131504 0.514174
0.5 0.3 0.8 0.5 0.3 0.8 0.2 50

T
-0.379013 0.0870185 -0.525507
0.364654 0.131504 0.514174
0.33939 0.149901 0.470515
0.5 0.3 0.8 0.5 0.3 0.8 0.2 50

T
-0.379013 0.0870185 -0.525507
0.33939 0.149901 0.470515
-0.325765 0.154172 -0.47786
0.5 0.3 0.8 0.5 0.3 0.8 0.2 50

T
-0.379013 0.0870185 -0.525507
-0.325765 0.154172 -0.47786
-0.362529 0.133126 -0.521363
0.5 0.3 0.8 0.5 0.3 0.8 0.2 50

T
-0.312869 0.118508 -0.556258
-0.362529 0.133126 -0.521363
-0.325765 0.154172 -0.47786
0.5 0.3 0.8 0.5 0.3 0.8 0.2 50

T
-0.276104 0.139555 -0.512755
-0.312869 0.118508 -0.556258
-0.325765 0.154172 -0.47786
0.5 0.3 0.8 0.5 0.3 0.8 0.2 50

T
-0.329354 0.0724005 -0.560403
-0.379013 0.0870185 -0.525507
-0.362529 0.133126 -0.521363
0.5 0.3 0.8 0.5 0.3 0.8 0.2 50

T
-0.312869 0.118508 -0.556258
-0.329354 0.0724005 -0.560403
-0.362529 0.133126 -0.521363
0.5 0.3 0.8 0.5 0.3 0.8 0.2 50

T
-0.541409 -0.991606 -0.416468
-0.591068 -0.976989 -0.381573
-0.379013 0.0870185 -0.525507
0.5 0.3 0.8 0.5 0.3 0.8 0.2 50

T
-0.329354 0.0724005 -0.560403
-0.541409 -0.991606 -0.416468
-0.379013 0.0870185 -0.525507
0.5 0.3 0.8 0.5 0.3 0.8 0.2 50

T
0.201282 -0.996374 0.642458
0.151623 -0.981757 0.677352
-0.591068 -0.976989 -0.381573
0.5 0.3 0.8 0.5 0.3 0.8 0.2 50

T
-0.541409 -0.991606 -0.416468
0.201282 -0.996374 0.642458
-0.591068 -0.976989 -0.381573
0.5 0.3 0.8 0.5 0.3 0.8 0.2 50

T
0.414043 0.0711727 0.498044
0.364384 0.0857901 0.532939
0.151623 -0.981757 0.677352
0.5 0.3 0.8 0.5 0.3 0.8 0.2 50

T
0.201282 -0.996374 0.642458
0.414043 0.0711727 0.498044
0.151623 -0.981757 0.677352
0.5 0.3 0.8 0.5 0.3 0.8 0.2 50

T
0.414314 0.116887 0.479279
0.364654 0.131504 0.514174
0.364384 0.0857901 0.532939
0.5 0.3 0.8 0.5 0.3 0.8 0.2 50

T
0.414043 0.0711727 0.498044
0.414314 0.116887 0.479279
0.364384 0.0857901 0.532939
0.5 0.3 0.8 0.5 0.3 0.8 0.2 50

T
0.38905 0.135283 0.435619
0.33939 0.149901 0.470515
0.364654 0.131504 0.514174
0.5 0.3 0.8 0.5 0.3 0.8 0.2 50

T
0.414314 0.116887 0.479279
0.38905 0.135283 0.435619
0.364654 0.131504 0.514174
0.5 0.3 0.8 0.5 0.3 0.8 0.2 50

T
-0.276104 0.139555 -0.512755
-0.325765 0.154172 -0.47786
0.33939 0.149901 0.470515
0.5 0.3 0.8 0.5 0.3 0.8 0.2 50

T
0.38905 0.135283 0.435619
-0.276104 0.139555 -0.512755
0.33939 0.149901 0.470515
0.5 0.3 0.8 0.5 0.3 0.8 0.2 50

T
0.414043 0.0711727 0.498044
0.201282 -0.996374 0.642458
-0.541409 -0.991606 -0.416468
0.5 0.3 0.8 0.5 0.3 0.8 0.2 50

T
0.414043 0.0711727 0.498044
-0.541409 -0.991606 -0.416468
-0.329354 0.0724005 -0.560403
0.5 0.3 0.8 0.5 0.3 0.8 0.2 50

T
0.414314 0.116887 0.479279
0.414043 0.0711727 0.498044
-0.329354 0.0724005 -0.560403
0.5 0.3 0.8 0.5 0.3 0.8 0.2 50

T
0.38905 0.135283 0.435619
0.414314 0.116887 0.479279
-0.329354 0.0724005 -0.560403
0.5 0.3 0.8 0.5 0.3 0.8 0.2 50

T
-0.276104 0.139555 -0.512755
0.38905 0.135283 0.435619
-0.329354 0.0724005 -0.560403
0.5 0.3 0.8 0.5 0.3 0.8 0.2 50

T
-0.312869 0.118508 -0.556258
-0.276104 0.139555 -0.512755
-0.329354 0.0724005 -0.560403
0.5 0.3 0.8 0.5 0.3 0.8 0.2 50

T
-0.131847 0.410112 -0.308463
-0.181311 0.438901 -0.390916
-0.179541 0.39945 -0.371871
0.5 0.3 0.8 0.5 0.3 0.8 0.2 50

T
-0.131847 0.410112 -0.308463
-0.179541 0.39945 -0.371871
-0.160223 0.378676 -0.335677
0.5 0.3 0.8 0.5 0.3 0.8 0.2 50

T
-0.131847 0.410112 -0.308463
-0.160223 0.378676 -0.335677
0.27477 0.375883 0.284534
0.5 0.3 0.8 0.5 0.3 0.8 0.2 50

T
-0.0134694 0.409352 -0.139682
-0.131847 0.410112 -0.308463
0.27477 0.375883 0.284534
0.5 0.3 0.8 0.5 0.3 0.8 0.2 50

T
-0.181311 0.438901 -0.390916
-0.131847 0.410112 -0.308463
-0.0293384 0.924454 -0.378042
0.5 0.3 0.8 0.5 0.3 0.8 0.2 50

T
-0.0701088 0.996869 -0.466395
-0.181311 0.438901 -0.390916
-0.0293384 0.924454 -0.378042
0.5 0.3 0.8 0.5 0.3 0.8 0.2 50

T
0.431233 0.993651 0.248415
-0.0701088 0.996869 -0.466395
-0.0293384 0.924454 -0.378042
0.5 0.3 0.8 0.5 0.3 0.8 0.2 50

T
0.431233 0.993651 0.248415
-0.0293384 0.924454 -0.378042
0.0890385 0.923695 -0.20926
0.5 0.3 0.8 0.5 0.3 0.8 0.2 50

T
0.319307 0.43205 0.324386
0.431233 0.993651 0.248415
0.0890385 0.923695 -0.20926
0.5 0.3 0.8 0.5 0.3 0.8 0.2 50

T
0.319307 0.43205 0.324386
0.0890385 0.923695 -0.20926
-0.0134694 0.409352 -0.139682
0.5 0.3 0.8 0.5 0.3 0.8 0.2 50

T
0.319307 0.43205 0.324386
-0.0134694 0.409352 -0.139682
0.27477 0.375883 0.284534
0.5 0.3 0.8 0.5 0.3 0.8 0.2 50

T
0.302034 0.391146 0.316938
0.319307 0.43205 0.324386
0.27477 0.375883 0.284534
0.5 0.3 0.8 0.5 0.3 0.8 0.2 50

T
-0.129401 0.384691 -0.407104
-0.179541 0.39945 -0.371871
-0.181311 0.438901 -0.390916
0.5 0.3 0.8 0.5 0.3 0.8 0.2 50

T
-0.13117 0.424142 -0.426149
-0.129401 0.384691 -0.407104
-0.181311 0.438901 -0.390916
0.5 0.3 0.8 0.5 0.3 0.8 0.2 50

T
-0.110083 0.363917 -0.37091
-0.160223 0.378676 -0.335677
-0.179541 0.39945 -0.371871
0.5 0.3 0.8 0.5 0.3 0.8 0.2 50

T
-0.129401 0.384691 -0.407104
-0.110083 0.363917 -0.37091
-0.179541 0.39945 -0.371871
0.5 0.3 0.8 0.5 0.3 0.8 0.2 50

T
0.32491 0.361123 0.249301
0.27477 0.375883 0.284534
-0.160223 0.378676 -0.335677
0.5 0.3 0.8 0.5 0.3 0.8 0.2 50

T
-0.110083 0.363917 -0.37091
0.32491 0.361123 0.249301
-0.160223 0.378676 -0.335677
0.5 0.3 0.8 0.5 0.3 0.8 0.2 50

T
0.352174 0.376387 0.281705
0.302034 0.391146 0.316938
0.27477 0.375883 0.284534
0.5 0.3 0.8 0.5 0.3 0.8 0.2 50

T
0.32491 0.361123 0.249301
0.352174 0.376387 0.281705
0.27477 0.375883 0.284534
0.5 0.3 0.8 0.5 0.3 0.8 0.2 50

T
0.369448 0.417291 0.289153
0.319307 0.43205 0.324386
0.302034 0.391146 0.316938
0.5 0.3 0.8 0.5 0.3 0.8 0.2 50

T
0.352174 0.376387 0.281705
0.369448 0.417291 0.289153
0.302034 0.391146 0.316938
0.5 0.3 0.8 0.5 0.3 0.8 0.2 50

T
0.481373 0.978889 0.213182
0.431233 0.993651 0.248415
0.319307 0.43205 0.324386
0.5 0.3 0.8 0.5 0.3 0.8 0.2 50

T
0.369448 0.417291 0.289153
0.481373 0.978889 0.213182
0.319307 0.43205 0.324386
0.5 0.3 0.8 0.5 0.3 0.8 0.2 50

T
-0.0199683 0.982108 -0.501629
-0.0701088 0.996869 -0.466395
0.431233 0.993651 0.248415
0.5 0.3 0.8 0.5 0.3 0.8 0.2 50

T
0.481373 0.978889 0.213182
-0.0199683 0.982108 -0.501629
0.431233 0.993651 0.248415
0.5 0.3 0.8 0.5 0.3 0.8 0.2 50

T
-0.13117 0.424142 -0.426149
-0.181311 0.438901 -0.390916
-0.0701088 0.996869 -0.466395
0.5 0.3 0.8 0.5 0.3 0.8 0.2 50

T
-0.0199683 0.982108 -0.501629
-0.13117 0.424142 -0.426149
-0.0701088 0.996869 -0.466395
0.5 0.3 0.8 0.5 0.3 0.8 0.2 50

T
0.0208019 0.909698 -0.413275
-0.0293384 0.924454 -0.378042
-0.131847 0.410112 -0.308463
0.5 0.3 0.8 0.5 0.3 0.8 0.2 50

T
-0.081706 0.395353 -0.343696
0.0208019 0.909698 -0.413275
-0.131847 0.410112 -0.308463
0.5 0.3 0.8 0.5 0.3 0.8 0.2 50

T
0.139179 0.908933 -0.244493
0.0890385 0.923695 -0.20926
-0.0293384 0.924454 -0.378042
0.5 0.3 0.8 0.5 0.3 0.8 0.2 50

T
0.0208019 0.909698 -0.413275
0.139179 0.908933 -0.244493
-0.0293384 0.924454 -0.378042
0.5 0.3 0.8 0.5 0.3 0.8 0.2 50

T
0.0366709 0.394593 -0.174915
-0.0134694 0.409352 -0.139682
0.0890385 0.923695 -0.20926
0.5 0.3 0.8 0.5 0.3 0.8 0.2 50

T
0.139179 0.908933 -0.244493
0.0366709 0.394593 -0.174915
0.0890385 0.923695 -0.20926
0.5 0.3 0.8 0.5 0.3 0.8 0.2 50

T
-0.081706 0.395353 -0.343696
-0.131847 0.410112 -0.308463
-0.0134694 0.409352 -0.139682
0.5 0.3 0.8 0.5 0.3 0.8 0.2 50

T
0.0366709 0.394593 -0.174915
-0.081706 0.395353 -0.343696
-0.0134694 0.409352 -0.139682
0.5 0.3 0.8 0.5 0.3 0.8 0.2 50

T
-0.129401 0.384691 -0.407104
-0.13117 0.424142 -0.426149
-0.081706 0.395353 -0.343696
0.5 0.3 0.8 0.5 0.3 0.8 0.2 50

T
-0.110083 0.363917 -0.37091
-0.129401 0.384691 -0.407104
-0.081706 0.395353 -0.343696
0.5 0.3 0.8 0.5 0.3 0.8 0.2 50

T
0.32491 0.361123 0.249301
-0.110083 0.363917 -0.37091
-0.081706 0.395353 -0.343696
0.5 0.3 0.8 0.5 0.3 0.8 0.2 50

T
0.32491 0.361123 0.249301
-0.081706 0.395353 -0.343696
0.0366709 0.394593 -0.174915
0.5 0.3 0.8 0.5 0.3 0.8 0.2 50

T
0.0208019 0.909698 -0.413275
-0.081706 0.395353 -0.343696
-0.13117 0.424142 -0.426149
0.5 0.3 0.8 0.5 0.3 0.8 0.2 50

T
0.0208019 0.909698 -0.413275
-0.13117 0.424142 -0.426149
-0.0199683 0.982108 -0.501629
0.5 0.3 0.8 0.5 0.3 0.8 0.2 50

T
0.0208019 0.909698 -0.413275
-0.0199683 0.982108 -0.501629
0.481373 0.978889 0.213182
0.5 0.3 0.8 0.5 0.3 0.8 0.2 50

T
0.139179 0.908933 -0.244493
0.0208019 0.909698 -0.413275
0.481373 0.978889 0.213182
0.5 0.3 0.8 0.5 0.3 0.8 0.2 50

T
0.139179 0.908933 -0.244493
0.481373 0.978889 0.213182
0.369448 0.417291 0.289153
0.5 0.3 0.8 0.5 0.3 0.8 0.2 50

T
0.0366709 0.394593 -0.174915
0.139179 0.908933 -0.244493
0.369448 0.417291 0.289153
0.5 0.3 0.8 0.5 0.3 0.8 0.2 50

T
0.32491 0.361123 0.249301
0.0366709 0.394593 -0.174915
0.369448 0.417291 0.289153
0.5 0.3 0.8 0.5 0.3 0.8 0.2 50

T
0.32491 0.361123 0.249301
0.369448 0.417291 0.289153
0.352174 0.376387 0.281705
0.5 0.3 0.8 0.5 0.3 0.8 0.2 50
