512 512
0.00198389 0.0139493 9.99127
-1 -1 1
2 0 0
0 2 0
2 5 8 0.8
0.2
304

T
0 1 0
0.169471 0.946616 0
0.119834 0.946616 0.119834
0.5 0.3 0.8 0.5 0.3 0.8 0.2 50

T
0 1 0
0.119834 0.946616 0.119834
0 0.946616 0.169471
0.5 0.3 0.8 0.5 0.3 0.8 0.2 50

T
0 1 0
0 0.946616 0.169471
-0.119834 0.946616 0.119834
0.5 0.3 0.8 0.5 0.3 0.8 0.2 50

T
0 1 0
-0.119834 0.946616 0.119834
-0.169471 0.946616 0
0.5 0.3 0.8 0.5 0.3 0.8 0.2 50

T
0 1 0
-0.169471 0.946616 0
-0.119834 0.946616 -0.119834
0.5 0.3 0.8 0.5 0.3 0.8 0.2 50

T
0 1 0
-0.119834 0.946616 -0.119834
0 0.946616 -0.169471
0.5 0.3 0.8 0.5 0.3 0.8 0.2 50

T
0 1 0
0 0.946616 -0.169471
0.119834 0.946616 -0.119834
0.5 0.3 0.8 0.5 0.3 0.8 0.2 50

T
0 1 0
0.119834 0.946616 -0.119834
0.169471 0.946616 0
0.5 0.3 0.8 0.5 0.3 0.8 0.2 50

T
0.169471 0.946616 0
0.292247 0.858163 0
0.206648 0.858163 0.206648
0.5 0.3 0.8 0.5 0.3 0.8 0.2 50

T
0.169471 0.946616 0
0.206648 0.858163 0.206648
0.119834 0.946616 0.119834
0.5 0.3 0.8 0.5 0.3 0.8 0.2 50

T
0.119834 0.946616 0.119834
0.206648 0.858163 0.206648
0 0.858163 0.292247
0.5 0.3 0.8 0.5 0.3 0.8 0.2 50

T
0.119834 0.946616 0.119834
0 0.858163 0.292247
0 0.946616 0.169471
0.5 0.3 0.8 0.5 0.3 0.8 0.2 50

T
0 0.946616 0.169471
0 0.858163 0.292247
-0.206648 0.858163 0.206648
0.5 0.3 0.8 0.5 0.3 0.8 0.2 50

T
0 0.946616 0.169471
-0.206648 0.858163 0.206648
-0.119834 0.946616 0.119834
0.5 0.3 0.8 0.5 0.3 0.8 0.2 50

T
-0.119834 0.946616 0.119834
-0.206648 0.858163 0.206648
-0.292247 0.858163 0
0.5 0.3 0.8 0.5 0.3 0.8 0.2 50

T
-0.119834 0.946616 0.119834
-0.292247 0.858163 0
-0.169471 0.946616 0
0.5 0.3 0.8 0.5 0.3 0.8 0.2 50

T
-0.169471 0.946616 0
-0.292247 0.858163 0
-0.206648 0.858163 -0.206648
0.5 0.3 0.8 0.5 0.3 0.8 0.2 50

T
-0.169471 0.946616 0
-0.206648 0.858163 -0.206648
-0.119834 0.946616 -0.119834
0.5 0.3 0.8 0.5 0.3 0.8 0.2 50

T
-0.119834 0.946616 -0.119834
-0.206648 0.858163 -0.206648
0 0.858163 -0.292247
0.5 0.3 0.8 0.5 0.3 0.8 0.2 50

T
-0.119834 0.946616 -0.119834
0 0.858163 -0.292247
0 0.946616 -0.169471
0.5 0.3 0.8 0.5 0.3 0.8 0.2 50

T
0 0.946616 -0.169471
0 0.858163 -0.292247
0.206648 0.858163 -0.206648
0.5 0.3 0.8 0.5 0.3 0.8 0.2 50

T
0 0.946616 -0.169471
0.206648 0.858163 -0.206648
0.119834 0.946616 -0.119834
0.5 0.3 0.8 0.5 0.3 0.8 0.2 50

T
0.119834 0.946616 -0.119834
0.206648 0.858163 -0.206648
0.292247 0.858163 0
0.5 0.3 0.8 0.5 0.3 0.8 0.2 50

T
0.119834 0.946616 -0.119834
0.292247 0.858163 0
0.169471 0.946616 0
0.5 0.3 0.8 0.5 0.3 0.8 0.2 50

T
0.292247 0.858163 0
0.332461 0.704969 0
0.235086 0.704969 0.235086
0.5 0.3 0.8 0.5 0.3 0.8 0.2 50

T
0.292247 0.858163 0
0.235086 0.704969 0.235086
0.206648 0.858163 0.206648
0.5 0.3 0.8 0.5 0.3 0.8 0.2 50

T
0.206648 0.858163 0.206648
0.235086 0.704969 0.235086
0 0.704969 0.332461
0.5 0.3 0.8 0.5 0.3 0.8 0.2 50

T
0.206648 0.858163 0.206648
0 0.704969 0.332461
0 0.858163 0.292247
0.5 0.3 0.8 0.5 0.3 0.8 0.2 50

T
0 0.858163 0.292247
0 0.704969 0.332461
-0.235086 0.704969 0.235086
0.5 0.3 0.8 0.5 0.3 0.8 0.2 50

T
0 0.858163 0.292247
-0.235086 0.704969 0.235086
-0.206648 0.858163 0.206648
0.5 0.3 0.8 0.5 0.3 0.8 0.2 50

T
-0.206648 0.858163 0.206648
-0.235086 0.704969 0.235086
-0.332461 0.704969 0
0.5 0.3 0.8 0.5 0.3 0.8 0.2 50

T
-0.206648 0.858163 0.206648
-0.332461 0.704969 0
-0.292247 0.858163 0
0.5 0.3 0.8 0.5 0.3 0.8 0.2 50

T
-0.292247 0.858163 0
-0.332461 0.704969 0
-0.235086 0.704969 -0.235086
0.5 0.3 0.8 0.5 0.3 0.8 0.2 50

T
-0.292247 0.858163 0
-0.235086 0.704969 -0.235086
-0.206648 0.858163 -0.206648
0.5 0.3 0.8 0.5 0.3 0.8 0.2 50

T
-0.206648 0.858163 -0.206648
-0.235086 0.704969 -0.235086
0 0.704969 -0.332461
0.5 0.3 0.8 0.5 0.3 0.8 0.2 50

T
-0.206648 0.858163 -0.206648
0 0.704969 -0.332461
0 0.858163 -0.292247
0.5 0.3 0.8 0.5 0.3 0.8 0.2 50

T
0 0.858163 -0.292247
0 0.704969 -0.332461
0.235086 0.704969 -0.235086
0.5 0.3 0.8 0.5 0.3 0.8 0.2 50

T
0 0.858163 -0.292247
0.235086 0.704969 -0.235086
0.206648 0.858163 -0.206648
0.5 0.3 0.8 0.5 0.3 0.8 0.2 50

T
0.206648 0.858163 -0.206648
0.235086 0.704969 -0.235086
0.332461 0.704969 0
0.5 0.3 0.8 0.5 0.3 0.8 0.2 50

T
0.206648 0.858163 -0.206648
0.332461 0.704969 0
0.292247 0.858163 0
0.5 0.3 0.8 0.5 0.3 0.8 0.2 50

T
0.332461 0.704969 0
0.29443 0.540704 0
0.208193 0.540704 0.208193
0.5 0.3 0.8 0.5 0.3 0.8 0.2 50

T
0.332461 0.704969 0
0.208193 0.540704 0.208193
0.235086 0.704969 0.235086
0.5 0.3 0.8 0.5 0.3 0.8 0.2 50

T
0.235086 0.704969 0.235086
0.208193 0.540704 0.208193
0 0.540704 0.29443
0.5 0.3 0.8 0.5 0.3 0.8 0.2 50

T
0.235086 0.704969 0.235086
0 0.540704 0.29443
0 0.704969 0.332461
0.5 0.3 0.8 0.5 0.3 0.8 0.2 50

T
0 0.704969 0.332461
0 0.540704 0.29443
-0.208193 0.540704 0.208193
0.5 0.3 0.8 0.5 0.3 0.8 0.2 50

T
0 0.704969 0.332461
-0.208193 0.540704 0.208193
-0.235086 0.704969 0.235086
0.5 0.3 0.8 0.5 0.3 0.8 0.2 50

T
-0.235086 0.704969 0.235086
-0.208193 0.540704 0.208193
-0.29443 0.540704 0
0.5 0.3 0.8 0.5 0.3 0.8 0.2 50

T
-0.235086 0.704969 0.235086
-0.29443 0.540704 0
-0.332461 0.704969 0
0.5 0.3 0.8 0.5 0.3 0.8 0.2 50

T
-0.332461 0.704969 0
-0.29443 0.540704 0
-0.208193 0.540704 -0.208193
0.5 0.3 0.8 0.5 0.3 0.8 0.2 50

T
-0.332461 0.704969 0
-0.208193 0.540704 -0.208193
-0.235086 0.704969 -0.235086
0.5 0.3 0.8 0.5 0.3 0.8 0.2 50

T
-0.235086 0.704969 -0.235086
-0.208193 0.540704 -0.208193
0 0.540704 -0.29443
0.5 0.3 0.8 0.5 0.3 0.8 0.2 50

T
-0.235086 0.704969 -0.235086
0 0.540704 -0.29443
0 0.704969 -0.332461
0.5 0.3 0.8 0.5 0.3 0.8 0.2 50

T
0 0.704969 -0.332461
0 0.540704 -0.29443
0.208193 0.540704 -0.208193
0.5 0.3 0.8 0.5 0.3 0.8 0.2 50

T
0 0.704969 -0.332461
0.208193 0.540704 -0.208193
0.235086 0.704969 -0.235086
0.5 0.3 0.8 0.5 0.3 0.8 0.2 50

T
0.235086 0.704969 -0.235086
0.208193 0.540704 -0.208193
0.29443 0.540704 0
0.5 0.3 0.8 0.5 0.3 0.8 0.2 50

T
0.235086 0.704969 -0.235086
0.29443 0.540704 0
0.332461 0.704969 0
0.5 0.3 0.8 0.5 0.3 0.8 0.2 50

T
0.29443 0.540704 0
0.172517 0.417627 0
0.121988 0.417627 0.121988
0.5 0.3 0.8 0.5 0.3 0.8 0.2 50

T
0.29443 0.540704 0
0.121988 0.417627 0.121988
0.208193 0.540704 0.208193
0.5 0.3 0.8 0.5 0.3 0.8 0.2 50

T
0.208193 0.540704 0.208193
0.121988 0.417627 0.121988
0 0.417627 0.172517
0.5 0.3 0.8 0.5 0.3 0.8 0.2 50

T
0.208193 0.540704 0.208193
0 0.417627 0.172517
0 0.540704 0.29443
0.5 0.3 0.8 0.5 0.3 0.8 0.2 50

T
0 0.540704 0.29443
0 0.417627 0.172517
-0.121988 0.417627 0.121988
0.5 0.3 0.8 0.5 0.3 0.8 0.2 50

T
0 0.540704 0.29443
-0.121988 0.417627 0.121988
-0.208193 0.540704 0.208193
0.5 0.3 0.8 0.5 0.3 0.8 0.2 50

T
-0.208193 0.540704 0.208193
-0.121988 0.417627 0.121988
-0.172517 0.417627 0
0.5 0.3 0.8 0.5 0.3 0.8 0.2 50

T
-0.208193 0.540704 0.208193
-0.172517 0.417627 0
-0.29443 0.540704 0
0.5 0.3 0.8 0.5 0.3 0.8 0.2 50

T
-0.29443 0.540704 0
-0.172517 0.417627 0
-0.121988 0.417627 -0.121988
0.5 0.3 0.8 0.5 0.3 0.8 0.2 50

T
-0.29443 0.540704 0
-0.121988 0.417627 -0.121988
-0.208193 0.540704 -0.208193
0.5 0.3 0.8 0.5 0.3 0.8 0.2 50

T
-0.208193 0.540704 -0.208193
-0.121988 0.417627 -0.121988
0 0.417627 -0.172517
0.5 0.3 0.8 0.5 0.3 0.8 0.2 50

T
-0.208193 0.540704 -0.208193
0 0.417627 -0.172517
0 0.540704 -0.29443
0.5 0.3 0.8 0.5 0.3 0.8 0.2 50

T
0 0.540704 -0.29443
0 0.417627 -0.172517
0.121988 0.417627 -0.121988
0.5 0.3 0.8 0.5 0.3 0.8 0.2 50

T
0 0.540704 -0.29443
0.121988 0.417627 -0.121988
0.208193 0.540704 -0.208193
0.5 0.3 0.8 0.5 0.3 0.8 0.2 50

T
0.208193 0.540704 -0.208193
0.121988 0.417627 -0.121988
0.172517 0.417627 0
0.5 0.3 0.8 0.5 0.3 0.8 0.2 50

T
0.208193 0.540704 -0.208193
0.172517 0.417627 0
0.29443 0.540704 0
0.5 0.3 0.8 0.5 0.3 0.8 0.2 50

T
0.172517 0.417627 0
0.0111111 0.318541 0
0.00785677 0.318541 0.00785677
0.5 0.3 0.8 0.5 0.3 0.8 0.2 50

T
0.172517 0.417627 0
0.00785677 0.318541 0.00785677
0.121988 0.417627 0.121988
0.5 0.3 0.8 0.5 0.3 0.8 0.2 50

T
0.121988 0.417627 0.121988
0.00785677 0.318541 0.00785677
0 0.318541 0.0111111
0.5 0.3 0.8 0.5 0.3 0.8 0.2 50

T
0.121988 0.417627 0.121988
0 0.318541 0.0111111
0 0.417627 0.172517
0.5 0.3 0.8 0.5 0.3 0.8 0.2 50

T
0 0.417627 0.172517
0 0.318541 0.0111111
-0.00785677 0.318541 0.00785677
0.5 0.3 0.8 0.5 0.3 0.8 0.2 50

T
0 0.417627 0.172517
-0.00785677 0.318541 0.00785677
-0.121988 0.417627 0.121988
0.5 0.3 0.8 0.5 0.3 0.8 0.2 50

T
-0.121988 0.417627 0.121988
-0.00785677 0.318541 0.00785677
-0.0111111 0.318541 0
0.5 0.3 0.8 0.5 0.3 0.8 0.2 50

T
-0.121988 0.417627 0.121988
-0.0111111 0.318541 0
-0.172517 0.417627 0
0.5 0.3 0.8 0.5 0.3 0.8 0.2 50

T
-0.172517 0.417627 0
-0.0111111 0.318541 0
-0.00785677 0.318541 -0.00785677
0.5 0.3 0.8 0.5 0.3 0.8 0.2 50

T
-0.172517 0.417627 0
-0.00785677 0.318541 -0.00785677
-0.121988 0.417627 -0.121988
0.5 0.3 0.8 0.5 0.3 0.8 0.2 50

T
-0.121988 0.417627 -0.121988
-0.00785677 0.318541 -0.00785677
0 0.318541 -0.0111111
0.5 0.3 0.8 0.5 0.3 0.8 0.2 50

T
-0.121988 0.417627 -0.121988
0 0.318541 -0.0111111
0 0.417627 -0.172517
0.5 0.3 0.8 0.5 0.3 0.8 0.2 50

T
0 0.417627 -0.172517
0 0.318541 -0.0111111
0.00785677 0.318541 -0.00785677
0.5 0.3 0.8 0.5 0.3 0.8 0.2 50

T
0 0.417627 -0.172517
0.00785677 0.318541 -0.00785677
0.121988 0.417627 -0.121988
0.5 0.3 0.8 0.5 0.3 0.8 0.2 50

T
0.121988 0.417627 -0.121988
0.00785677 0.318541 -0.00785677
0.0111111 0.318541 0
0.5 0.3 0.8 0.5 0.3 0.8 0.2 50

T
0.121988 0.417627 -0.121988
0.0111111 0.318541 0
0.172517 0.417627 0
0.5 0.3 0.8 0.5 0.3 0.8 0.2 50

T
0.0111111 0.318541 0
0.182269 0.388273 0
0.128884 0.388273 0.128884
0.5 0.3 0.8 0.5 0.3 0.8 0.2 50

T
0.0111111 0.318541 0
0.128884 0.388273 0.128884
0.00785677 0.318541 0.00785677
0.5 0.3 0.8 0.5 0.3 0.8 0.2 50

T
0.00785677 0.318541 0.00785677
0.128884 0.388273 0.128884
0 0.388273 0.182269
0.5 0.3 0.8 0.5 0.3 0.8 0.2 50

T
0.00785677 0.318541 0.00785677
0 0.388273 0.182269
0 0.318541 0.0111111
0.5 0.3 0.8 0.5 0.3 0.8 0.2 50

T
0 0.318541 0.0111111
0 0.388273 0.182269
-0.128884 0.388273 0.128884
0.5 0.3 0.8 0.5 0.3 0.8 0.2 50

T
0 0.318541 0.0111111
-0.128884 0.388273 0.128884
-0.00785677 0.318541 0.00785677
0.5 0.3 0.8 0.5 0.3 0.8 0.2 50

T
-0.00785677 0.318541 0.00785677
-0.128884 0.388273 0.128884
-0.182269 0.388273 0
0.5 0.3 0.8 0.5 0.3 0.8 0.2 50

T
-0.00785677 0.318541 0.00785677
-0.182269 0.388273 0
-0.0111111 0.318541 0
0.5 0.3 0.8 0.5 0.3 0.8 0.2 50

T
-0.0111111 0.318541 0
-0.182269 0.388273 0
-0.128884 0.388273 -0.128884
0.5 0.3 0.8 0.5 0.3 0.8 0.2 50

T
-0.0111111 0.318541 0
-0.128884 0.388273 -0.128884
-0.00785677 0.318541 -0.00785677
0.5 0.3 0.8 0.5 0.3 0.8 0.2 50

T
-0.00785677 0.318541 -0.00785677
-0.128884 0.388273 -0.128884
0 0.388273 -0.182269
0.5 0.3 0.8 0.5 0.3 0.8 0.2 50

T
-0.00785677 0.318541 -0.00785677
0 0.388273 -0.182269
0 0.318541 -0.0111111
0.5 0.3 0.8 0.5 0.3 0.8 0.2 50

T
0 0.318541 -0.0111111
0 0.388273 -0.182269
0.128884 0.388273 -0.128884
0.5 0.3 0.8 0.5 0.3 0.8 0.2 50

T
0 0.318541 -0.0111111
0.128884 0.388273 -0.128884
0.00785677 0.318541 -0.00785677
0.5 0.3 0.8 0.5 0.3 0.8 0.2 50

T
0.00785677 0.318541 -0.00785677
0.128884 0.388273 -0.128884
0.182269 0.388273 0
0.5 0.3 0.8 0.5 0.3 0.8 0.2 50

T
0.00785677 0.318541 -0.00785677
0.182269 0.388273 0
0.0111111 0.318541 0
0.5 0.3 0.8 0.5 0.3 0.8 0.2 50

T
0.182269 0.388273 0
0.277356 0.334388 0
0.19612 0.334388 0.19612
0.5 0.3 0.8 0.5 0.3 0.8 0.2 50

T
0.182269 0.388273 0
0.19612 0.334388 0.19612
0.128884 0.388273 0.128884
0.5 0.3 0.8 0.5 0.3 0.8 0.2 50

T
0.128884 0.388273 0.128884
0.19612 0.334388 0.19612
0 0.334388 0.277356
0.5 0.3 0.8 0.5 0.3 0.8 0.2 50

T
0.128884 0.388273 0.128884
0 0.334388 0.277356
0 0.388273 0.182269
0.5 0.3 0.8 0.5 0.3 0.8 0.2 50

T
0 0.388273 0.182269
0 0.334388 0.277356
-0.19612 0.334388 0.19612
0.5 0.3 0.8 0.5 0.3 0.8 0.2 50

T
0 0.388273 0.182269
-0.19612 0.334388 0.19612
-0.128884 0.388273 0.128884
0.5 0.3 0.8 0.5 0.3 0.8 0.2 50

T
-0.128884 0.388273 0.128884
-0.19612 0.334388 0.19612
-0.277356 0.334388 0
0.5 0.3 0.8 0.5 0.3 0.8 0.2 50

T
-0.128884 0.388273 0.128884
-0.277356 0.334388 0
-0.182269 0.388273 0
0.5 0.3 0.8 0.5 0.3 0.8 0.2 50

T
-0.182269 0.388273 0
-0.277356 0.334388 0
-0.19612 0.334388 -0.19612
0.5 0.3 0.8 0.5 0.3 0.8 0.2 50

T
-0.182269 0.388273 0
-0.19612 0.334388 -0.19612
-0.128884 0.388273 -0.128884
0.5 0.3 0.8 0.5 0.3 0.8 0.2 50

T
-0.128884 0.388273 -0.128884
-0.19612 0.334388 -0.19612
0 0.334388 -0.277356
0.5 0.3 0.8 0.5 0.3 0.8 0.2 50

T
-0.128884 0.388273 -0.128884
0 0.334388 -0.277356
0 0.388273 -0.182269
0.5 0.3 0.8 0.5 0.3 0.8 0.2 50

T
0 0.388273 -0.182269
0 0.334388 -0.277356
0.19612 0.334388 -0.19612
0.5 0.3 0.8 0.5 0.3 0.8 0.2 50

T
0 0.388273 -0.182269
0.19612 0.334388 -0.19612
0.128884 0.388273 -0.128884
0.5 0.3 0.8 0.5 0.3 0.8 0.2 50

T
0.128884 0.388273 -0.128884
0.19612 0.334388 -0.19612
0.277356 0.334388 0
0.5 0.3 0.8 0.5 0.3 0.8 0.2 50

T
0.128884 0.388273 -0.128884
0.277356 0.334388 0
0.182269 0.388273 0
0.5 0.3 0.8 0.5 0.3 0.8 0.2 50

T
0.277356 0.334388 0
0.347086 0.302694 0
0.245426 0.302694 0.245426
0.5 0.3 0.8 0.5 0.3 0.8 0.2 50

T
0.277356 0.334388 0
0.245426 0.302694 0.245426
0.19612 0.334388 0.19612
0.5 0.3 0.8 0.5 0.3 0.8 0.2 50

T
0.19612 0.334388 0.19612
0.245426 0.302694 0.245426
0 0.302694 0.347086
0.5 0.3 0.8 0.5 0.3 0.8 0.2 50

T
0.19612 0.334388 0.19612
0 0.302694 0.347086
0 0.334388 0.277356
0.5 0.3 0.8 0.5 0.3 0.8 0.2 50

T
0 0.334388 0.277356
0 0.302694 0.347086
-0.245426 0.302694 0.245426
0.5 0.3 0.8 0.5 0.3 0.8 0.2 50

T
0 0.334388 0.277356
-0.245426 0.302694 0.245426
-0.19612 0.334388 0.19612
0.5 0.3 0.8 0.5 0.3 0.8 0.2 50

T
-0.19612 0.334388 0.19612
-0.245426 0.302694 0.245426
-0.347086 0.302694 0
0.5 0.3 0.8 0.5 0.3 0.8 0.2 50

T
-0.19612 0.334388 0.19612
-0.347086 0.302694 0
-0.277356 0.334388 0
0.5 0.3 0.8 0.5 0.3 0.8 0.2 50

T
-0.277356 0.334388 0
-0.347086 0.302694 0
-0.245426 0.302694 -0.245426
0.5 0.3 0.8 0.5 0.3 0.8 0.2 50

T
-0.277356 0.334388 0
-0.245426 0.302694 -0.245426
-0.19612 0.334388 -0.19612
0.5 0.3 0.8 0.5 0.3 0.8 0.2 50

T
-0.19612 0.334388 -0.19612
-0.245426 0.302694 -0.245426
0 0.302694 -0.347086
0.5 0.3 0.8 0.5 0.3 0.8 0.2 50

T
-0.19612 0.334388 -0.19612
0 0.302694 -0.347086
0 0.334388 -0.277356
0.5 0.3 0.8 0.5 0.3 0.8 0.2 50

T
0 0.334388 -0.277356
0 0.302694 -0.347086
0.245426 0.302694 -0.245426
0.5 0.3 0.8 0.5 0.3 0.8 0.2 50

T
0 0.334388 -0.277356
0.245426 0.302694 -0.245426
0.19612 0.334388 -0.19612
0.5 0.3 0.8 0.5 0.3 0.8 0.2 50

T
0.19612 0.334388 -0.19612
0.245426 0.302694 -0.245426
0.347086 0.302694 0
0.5 0.3 0.8 0.5 0.3 0.8 0.2 50

T
0.19612 0.334388 -0.19612
0.347086 0.302694 0
0.277356 0.334388 0
0.5 0.3 0.8 0.5 0.3 0.8 0.2 50

T
0.347086 0.302694 0
0.216946 0.210011 0
0.153405 0.210011 0.153405
0.5 0.3 0.8 0.5 0.3 0.8 0.2 50

T
0.347086 0.302694 0
0.153405 0.210011 0.153405
0.245426 0.302694 0.245426
0.5 0.3 0.8 0.5 0.3 0.8 0.2 50

T
0.245426 0.302694 0.245426
0.153405 0.210011 0.153405
0 0.210011 0.216946
0.5 0.3 0.8 0.5 0.3 0.8 0.2 50

T
0.245426 0.302694 0.245426
0 0.210011 0.216946
0 0.302694 0.347086
0.5 0.3 0.8 0.5 0.3 0.8 0.2 50

T
0 0.302694 0.347086
0 0.210011 0.216946
-0.153405 0.210011 0.153405
0.5 0.3 0.8 0.5 0.3 0.8 0.2 50

T
0 0.302694 0.347086
-0.153405 0.210011 0.153405
-0.245426 0.302694 0.245426
0.5 0.3 0.8 0.5 0.3 0.8 0.2 50

T
-0.245426 0.302694 0.245426
-0.153405 0.210011 0.153405
-0.216946 0.210011 0
0.5 0.3 0.8 0.5 0.3 0.8 0.2 50

T
-0.245426 0.302694 0.245426
-0.216946 0.210011 0
-0.347086 0.302694 0
0.5 0.3 0.8 0.5 0.3 0.8 0.2 50

T
-0.347086 0.302694 0
-0.216946 0.210011 0
-0.153405 0.210011 -0.153405
0.5 0.3 0.8 0.5 0.3 0.8 0.2 50

T
-0.347086 0.302694 0
-0.153405 0.210011 -0.153405
-0.245426 0.302694 -0.245426
0.5 0.3 0.8 0.5 0.3 0.8 0.2 50

T
-0.245426 0.302694 -0.245426
-0.153405 0.210011 -0.153405
0 0.210011 -0.216946
0.5 0.3 0.8 0.5 0.3 0.8 0.2 50

T
-0.245426 0.302694 -0.245426
0 0.210011 -0.216946
0 0.302694 -0.347086
0.5 0.3 0.8 0.5 0.3 0.8 0.2 50

T
0 0.302694 -0.347086
0 0.210011 -0.216946
0.153405 0.210011 -0.153405
0.5 0.3 0.8 0.5 0.3 0.8 0.2 50

T
0 0.302694 -0.347086
0.153405 0.210011 -0.153405
0.245426 0.302694 -0.245426
0.5 0.3 0.8 0.5 0.3 0.8 0.2 50

T
0.245426 0.302694 -0.245426
0.153405 0.210011 -0.153405
0.216946 0.210011 0
0.5 0.3 0.8 0.5 0.3 0.8 0.2 50

T
0.245426 0.302694 -0.245426
0.216946 0.210011 0
0.347086 0.302694 0
0.5 0.3 0.8 0.5 0.3 0.8 0.2 50

T
0.216946 0.210011 0
0.142748 0.0747094 0
0.100938 0.0747094 0.100938
0.5 0.3 0.8 0.5 0.3 0.8 0.2 50

T
0.216946 0.210011 0
0.100938 0.0747094 0.100938
0.153405 0.210011 0.153405
0.5 0.3 0.8 0.5 0.3 0.8 0.2 50

T
0.153405 0.210011 0.153405
0.100938 0.0747094 0.100938
0 0.0747094 0.142748
0.5 0.3 0.8 0.5 0.3 0.8 0.2 50

T
0.153405 0.210011 0.153405
0 0.0747094 0.142748
0 0.210011 0.216946
0.5 0.3 0.8 0.5 0.3 0.8 0.2 50

T
0 0.210011 0.216946
0 0.0747094 0.142748
-0.100938 0.0747094 0.100938
0.5 0.3 0.8 0.5 0.3 0.8 0.2 50

T
0 0.210011 0.216946
-0.100938 0.0747094 0.100938
-0.153405 0.210011 0.153405
0.5 0.3 0.8 0.5 0.3 0.8 0.2 50

T
-0.153405 0.210011 0.153405
-0.100938 0.0747094 0.100938
-0.142748 0.0747094 0
0.5 0.3 0.8 0.5 0.3 0.8 0.2 50

T
-0.153405 0.210011 0.153405
-0.142748 0.0747094 0
-0.216946 0.210011 0
0.5 0.3 0.8 0.5 0.3 0.8 0.2 50

T
-0.216946 0.210011 0
-0.142748 0.0747094 0
-0.100938 0.0747094 -0.100938
0.5 0.3 0.8 0.5 0.3 0.8 0.2 50

T
-0.216946 0.210011 0
-0.100938 0.0747094 -0.100938
-0.153405 0.210011 -0.153405
0.5 0.3 0.8 0.5 0.3 0.8 0.2 50

T
-0.153405 0.210011 -0.153405
-0.100938 0.0747094 -0.100938
0 0.0747094 -0.142748
0.5 0.3 0.8 0.5 0.3 0.8 0.2 50

T
-0.153405 0.210011 -0.153405
0 0.0747094 -0.142748
0 0.210011 -0.216946
0.5 0.3 0.8 0.5 0.3 0.8 0.2 50

T
0 0.210011 -0.216946
0 0.0747094 -0.142748
0.100938 0.0747094 -0.100938
0.5 0.3 0.8 0.5 0.3 0.8 0.2 50

T
0 0.210011 -0.216946
0.100938 0.0747094 -0.100938
0.153405 0.210011 -0.153405
0.5 0.3 0.8 0.5 0.3 0.8 0.2 50

T
0.153405 0.210011 -0.153405
0.100938 0.0747094 -0.100938
0.142748 0.0747094 0
0.5 0.3 0.8 0.5 0.3 0.8 0.2 50

T
0.153405 0.210011 -0.153405
0.142748 0.0747094 0
0.216946 0.210011 0
0.5 0.3 0.8 0.5 0.3 0.8 0.2 50

T
0.142748 0.0747094 0
0.170989 -0.138641 0
0.120908 -0.138641 0.120908
0.5 0.3 0.8 0.5 0.3 0.8 0.2 50

T
0.142748 0.0747094 0
0.120908 -0.138641 0.120908
0.100938 0.0747094 0.100938
0.5 0.3 0.8 0.5 0.3 0.8 0.2 50

T
0.100938 0.0747094 0.100938
0.120908 -0.138641 0.120908
0 -0.138641 0.170989
0.5 0.3 0.8 0.5 0.3 0.8 0.2 50

T
0.100938 0.0747094 0.100938
0 -0.138641 0.170989
0 0.0747094 0.142748
0.5 0.3 0.8 0.5 0.3 0.8 0.2 50

T
0 0.0747094 0.142748
0 -0.138641 0.170989
-0.120908 -0.138641 0.120908
0.5 0.3 0.8 0.5 0.3 0.8 0.2 50

T
0 0.0747094 0.142748
-0.120908 -0.138641 0.120908
-0.100938 0.0747094 0.100938
0.5 0.3 0.8 0.5 0.3 0.8 0.2 50

T
-0.100938 0.0747094 0.100938
-0.120908 -0.138641 0.120908
-0.170989 -0.138641 0
0.5 0.3 0.8 0.5 0.3 0.8 0.2 50

T
-0.100938 0.0747094 0.100938
-0.170989 -0.138641 0
-0.142748 0.0747094 0
0.5 0.3 0.8 0.5 0.3 0.8 0.2 50

T
-0.142748 0.0747094 0
-0.170989 -0.138641 0
-0.120908 -0.138641 -0.120908
0.5 0.3 0.8 0.5 0.3 0.8 0.2 50

T
-0.142748 0.0747094 0
-0.120908 -0.138641 -0.120908
-0.100938 0.0747094 -0.100938
0.5 0.3 0.8 0.5 0.3 0.8 0.2 50

T
-0.100938 0.0747094 -0.100938
-0.120908 -0.138641 -0.120908
0 -0.138641 -0.170989
0.5 0.3 0.8 0.5 0.3 0.8 0.2 50

T
-0.100938 0.0747094 -0.100938
0 -0.138641 -0.170989
0 0.0747094 -0.142748
0.5 0.3 0.8 0.5 0.3 0.8 0.2 50

T
0 0.0747094 -0.142748
0 -0.138641 -0.170989
0.120908 -0.138641 -0.120908
0.5 0.3 0.8 0.5 0.3 0.8 0.2 50

T
0 0.0747094 -0.142748
0.120908 -0.138641 -0.120908
0.100938 0.0747094 -0.100938
0.5 0.3 0.8 0.5 0.3 0.8 0.2 50

T
0.100938 0.0747094 -0.100938
0.120908 -0.138641 -0.120908
0.170989 -0.138641 0
0.5 0.3 0.8 0.5 0.3 0.8 0.2 50

T
0.100938 0.0747094 -0.100938
0.170989 -0.138641 0
0.142748 0.0747094 0
0.5 0.3 0.8 0.5 0.3 0.8 0.2 50

T
0.170989 -0.138641 0
0.25517 -0.394612 0
0.180433 -0.394612 0.180433
0.5 0.3 0.8 0.5 0.3 0.8 0.2 50

T
0.170989 -0.138641 0
0.180433 -0.394612 0.180433
0.120908 -0.138641 0.120908
0.5 0.3 0.8 0.5 0.3 0.8 0.2 50

T
0.120908 -0.138641 0.120908
0.180433 -0.394612 0.180433
0 -0.394612 0.25517
0.5 0.3 0.8 0.5 0.3 0.8 0.2 50

T
0.120908 -0.138641 0.120908
0 -0.394612 0.25517
0 -0.138641 0.170989
0.5 0.3 0.8 0.5 0.3 0.8 0.2 50

T
0 -0.138641 0.170989
0 -0.394612 0.25517
-0.180433 -0.394612 0.180433
0.5 0.3 0.8 0.5 0.3 0.8 0.2 50

T
0 -0.138641 0.170989
-0.180433 -0.394612 0.180433
-0.120908 -0.138641 0.120908
0.5 0.3 0.8 0.5 0.3 0.8 0.2 50

T
-0.120908 -0.138641 0.120908
-0.180433 -0.394612 0.180433
-0.25517 -0.394612 0
0.5 0.3 0.8 0.5 0.3 0.8 0.2 50

T
-0.120908 -0.138641 0.120908
-0.25517 -0.394612 0
-0.170989 -0.138641 0
0.5 0.3 0.8 0.5 0.3 0.8 0.2 50

T
-0.170989 -0.138641 0
-0.25517 -0.394612 0
-0.180433 -0.394612 -0.180433
0.5 0.3 0.8 0.5 0.3 0.8 0.2 50

T
-0.170989 -0.138641 0
-0.180433 -0.394612 -0.180433
-0.120908 -0.138641 -0.120908
0.5 0.3 0.8 0.5 0.3 0.8 0.2 50

T
-0.120908 -0.138641 -0.120908
-0.180433 -0.394612 -0.180433
0 -0.394612 -0.25517
0.5 0.3 0.8 0.5 0.3 0.8 0.2 50

T
-0.120908 -0.138641 -0.120908
0 -0.394612 -0.25517
0 -0.138641 -0.170989
0.5 0.3 0.8 0.5 0.3 0.8 0.2 50

T
0 -0.138641 -0.170989
0 -0.394612 -0.25517
0.180433 -0.394612 -0.180433
0.5 0.3 0.8 0.5 0.3 0.8 0.2 50

T
0 -0.138641 -0.170989
0.180433 -0.394612 -0.180433
0.120908 -0.138641 -0.120908
0.5 0.3 0.8 0.5 0.3 0.8 0.2 50

T
0.120908 -0.138641 -0.120908
0.180433 -0.394612 -0.180433
0.25517 -0.394612 0
0.5 0.3 0.8 0.5 0.3 0.8 0.2 50

T
0.120908 -0.138641 -0.120908
0.25517 -0.394612 0
0.170989 -0.138641 0
0.5 0.3 0.8 0.5 0.3 0.8 0.2 50

T
0.25517 -0.394612 0
0.331241 -0.397784 0
0.234222 -0.397784 0.234222
0.5 0.3 0.8 0.5 0.3 0.8 0.2 50

T
0.25517 -0.394612 0
0.234222 -0.397784 0.234222
0.180433 -0.394612 0.180433
0.5 0.3 0.8 0.5 0.3 0.8 0.2 50

T
0.180433 -0.394612 0.180433
0.234222 -0.397784 0.234222
0 -0.397784 0.331241
0.5 0.3 0.8 0.5 0.3 0.8 0.2 50

T
0.180433 -0.394612 0.180433
0 -0.397784 0.331241
0 -0.394612 0.25517
0.5 0.3 0.8 0.5 0.3 0.8 0.2 50

T
0 -0.394612 0.25517
0 -0.397784 0.331241
-0.234222 -0.397784 0.234222
0.5 0.3 0.8 0.5 0.3 0.8 0.2 50

T
0 -0.394612 0.25517
-0.234222 -0.397784 0.234222
-0.180433 -0.394612 0.180433
0.5 0.3 0.8 0.5 0.3 0.8 0.2 50

T
-0.180433 -0.394612 0.180433
-0.234222 -0.397784 0.234222
-0.331241 -0.397784 0
0.5 0.3 0.8 0.5 0.3 0.8 0.2 50

T
-0.180433 -0.394612 0.180433
-0.331241 -0.397784 0
-0.25517 -0.394612 0
0.5 0.3 0.8 0.5 0.3 0.8 0.2 50

T
-0.25517 -0.394612 0
-0.331241 -0.397784 0
-0.234222 -0.397784 -0.234222
0.5 0.3 0.8 0.5 0.3 0.8 0.2 50

T
-0.25517 -0.394612 0
-0.234222 -0.397784 -0.234222
-0.180433 -0.394612 -0.180433
0.5 0.3 0.8 0.5 0.3 0.8 0.2 50

T
-0.180433 -0.394612 -0.180433
-0.234222 -0.397784 -0.234222
0 -0.397784 -0.331241
0.5 0.3 0.8 0.5 0.3 0.8 0.2 50

T
-0.180433 -0.394612 -0.180433
0 -0.397784 -0.331241
0 -0.394612 -0.25517
0.5 0.3 0.8 0.5 0.3 0.8 0.2 50

T
0 -0.394612 -0.25517
0 -0.397784 -0.331241
0.234222 -0.397784 -0.234222
0.5 0.3 0.8 0.5 0.3 0.8 0.2 50

T
0 -0.394612 -0.25517
0.234222 -0.397784 -0.234222
0.180433 -0.394612 -0.180433
0.5 0.3 0.8 0.5 0.3 0.8 0.2 50

T
0.180433 -0.394612 -0.180433
0.234222 -0.397784 -0.234222
0.331241 -0.397784 0
0.5 0.3 0.8 0.5 0.3 0.8 0.2 50

T
0.180433 -0.394612 -0.180433
0.331241 -0.397784 0
0.25517 -0.394612 0
0.5 0.3 0.8 0.5 0.3 0.8 0.2 50

T
0.331241 -0.397784 0
0.404141 -0.394612 0
0.285771 -0.394612 0.285771
0.5 0.3 0.8 0.5 0.3 0.8 0.2 50

T
0.331241 -0.397784 0
0.285771 -0.394612 0.285771
0.234222 -0.397784 0.234222
0.5 0.3 0.8 0.5 0.3 0.8 0.2 50

T
0.234222 -0.397784 0.234222
0.285771 -0.394612 0.285771
0 -0.394612 0.404141
0.5 0.3 0.8 0.5 0.3 0.8 0.2 50

T
0.234222 -0.397784 0.234222
0 -0.394612 0.404141
0 -0.397784 0.331241
0.5 0.3 0.8 0.5 0.3 0.8 0.2 50

T
0 -0.397784 0.331241
0 -0.394612 0.404141
-0.285771 -0.394612 0.285771
0.5 0.3 0.8 0.5 0.3 0.8 0.2 50

T
0 -0.397784 0.331241
-0.285771 -0.394612 0.285771
-0.234222 -0.397784 0.234222
0.5 0.3 0.8 0.5 0.3 0.8 0.2 50

T
-0.234222 -0.397784 0.234222
-0.285771 -0.394612 0.285771
-0.404141 -0.394612 0
0.5 0.3 0.8 0.5 0.3 0.8 0.2 50

T
-0.234222 -0.397784 0.234222
-0.404141 -0.394612 0
-0.331241 -0.397784 0
0.5 0.3 0.8 0.5 0.3 0.8 0.2 50

T
-0.331241 -0.397784 0
-0.404141 -0.394612 0
-0.285771 -0.394612 -0.285771
0.5 0.3 0.8 0.5 0.3 0.8 0.2 50

T
-0.331241 -0.397784 0
-0.285771 -0.394612 -0.285771
-0.234222 -0.397784 -0.234222
0.5 0.3 0.8 0.5 0.3 0.8 0.2 50

T
-0.234222 -0.397784 -0.234222
-0.285771 -0.394612 -0.285771
0 -0.394612 -0.404141
0.5 0.3 0.8 0.5 0.3 0.8 0.2 50

T
-0.234222 -0.397784 -0.234222
0 -0.394612 -0.404141
0 -0.397784 -0.331241
0.5 0.3 0.8 0.5 0.3 0.8 0.2 50

T
0 -0.397784 -0.331241
0 -0.394612 -0.404141
0.285771 -0.394612 -0.285771
0.5 0.3 0.8 0.5 0.3 0.8 0.2 50

T
0 -0.397784 -0.331241
0.285771 -0.394612 -0.285771
0.234222 -0.397784 -0.234222
0.5 0.3 0.8 0.5 0.3 0.8 0.2 50

T
0.234222 -0.397784 -0.234222
0.285771 -0.394612 -0.285771
0.404141 -0.394612 0
0.5 0.3 0.8 0.5 0.3 0.8 0.2 50

T
0.234222 -0.397784 -0.234222
0.404141 -0.394612 0
0.331241 -0.397784 0
0.5 0.3 0.8 0.5 0.3 0.8 0.2 50

T
0.404141 -0.394612 0
0.527755 -0.819335 0
0.37318 -0.819335 0.37318
0.5 0.3 0.8 0.5 0.3 0.8 0.2 50

T
0.404141 -0.394612 0
0.37318 -0.819335 0.37318
0.285771 -0.394612 0.285771
0.5 0.3 0.8 0.5 0.3 0.8 0.2 50

T
0.285771 -0.394612 0.285771
0.37318 -0.819335 0.37318
0 -0.819335 0.527755
0.5 0.3 0.8 0.5 0.3 0.8 0.2 50

T
0.285771 -0.394612 0.285771
0 -0.819335 0.527755
0 -0.394612 0.404141
0.5 0.3 0.8 0.5 0.3 0.8 0.2 50

T
0 -0.394612 0.404141
0 -0.819335 0.527755
-0.37318 -0.819335 0.37318
0.5 0.3 0.8 0.5 0.3 0.8 0.2 50

T
0 -0.394612 0.404141
-0.37318 -0.819335 0.37318
-0.285771 -0.394612 0.285771
0.5 0.3 0.8 0.5 0.3 0.8 0.2 50

T
-0.285771 -0.394612 0.285771
-0.37318 -0.819335 0.37318
-0.527755 -0.819335 0
0.5 0.3 0.8 0.5 0.3 0.8 0.2 50

T
-0.285771 -0.394612 0.285771
-0.527755 -0.819335 0
-0.404141 -0.394612 0
0.5 0.3 0.8 0.5 0.3 0.8 0.2 50

T
-0.404141 -0.394612 0
-0.527755 -0.819335 0
-0.37318 -0.819335 -0.37318
0.5 0.3 0.8 0.5 0.3 0.8 0.2 50

T
-0.404141 -0.394612 0
-0.37318 -0.819335 -0.37318
-0.285771 -0.394612 -0.285771
0.5 0.3 0.8 0.5 0.3 0.8 0.2 50

T
-0.285771 -0.394612 -0.285771
-0.37318 -0.819335 -0.37318
0 -0.819335 -0.527755
0.5 0.3 0.8 0.5 0.3 0.8 0.2 50

T
-0.285771 -0.394612 -0.285771
0 -0.819335 -0.527755
0 -0.394612 -0.404141
0.5 0.3 0.8 0.5 0.3 0.8 0.2 50

T
0 -0.394612 -0.404141
0 -0.819335 -0.527755
0.37318 -0.819335 -0.37318
0.5 0.3 0.8 0.5 0.3 0.8 0.2 50

T
0 -0.394612 -0.404141
0.37318 -0.819335 -0.37318
0.285771 -0.394612 -0.285771
0.5 0.3 0.8 0.5 0.3 0.8 0.2 50

T
0.285771 -0.394612 -0.285771
0.37318 -0.819335 -0.37318
0.527755 -0.819335 0
0.5 0.3 0.8 0.5 0.3 0.8 0.2 50

T
0.285771 -0.394612 -0.285771
0.527755 -0.819335 0
0.404141 -0.394612 0
0.5 0.3 0.8 0.5 0.3 0.8 0.2 50

T
0.527755 -0.819335 0
0.439006 -0.908082 0
0.310424 -0.908082 0.310424
0.5 0.3 0.8 0.5 0.3 0.8 0.2 50

T
0.527755 -0.819335 0
0.310424 -0.908082 0.310424
0.37318 -0.819335 0.37318
0.5 0.3 0.8 0.5 0.3 0.8 0.2 50

T
0.37318 -0.819335 0.37318
0.310424 -0.908082 0.310424
0 -0.908082 0.439006
0.5 0.3 0.8 0.5 0.3 0.8 0.2 50

T
0.37318 -0.819335 0.37318
0 -0.908082 0.439006
0 -0.819335 0.527755
0.5 0.3 0.8 0.5 0.3 0.8 0.2 50

T
0 -0.819335 0.527755
0 -0.908082 0.439006
-0.310424 -0.908082 0.310424
0.5 0.3 0.8 0.5 0.3 0.8 0.2 50

T
0 -0.819335 0.527755
-0.310424 -0.908082 0.310424
-0.37318 -0.819335 0.37318
0.5 0.3 0.8 0.5 0.3 0.8 0.2 50

T
-0.37318 -0.819335 0.37318
-0.310424 -0.908082 0.310424
-0.439006 -0.908082 0
0.5 0.3 0.8 0.5 0.3 0.8 0.2 50

T
-0.37318 -0.819335 0.37318
-0.439006 -0.908082 0
-0.527755 -0.819335 0
0.5 0.3 0.8 0.5 0.3 0.8 0.2 50

T
-0.527755 -0.819335 0
-0.439006 -0.908082 0
-0.310424 -0.908082 -0.310424
0.5 0.3 0.8 0.5 0.3 0.8 0.2 50

T
-0.527755 -0.819335 0
-0.310424 -0.908082 -0.310424
-0.37318 -0.819335 -0.37318
0.5 0.3 0.8 0.5 0.3 0.8 0.2 50

T
-0.37318 -0.819335 -0.37318
-0.310424 -0.908082 -0.310424
0 -0.908082 -0.439006
0.5 0.3 0.8 0.5 0.3 0.8 0.2 50

T
-0.37318 -0.819335 -0.37318
0 -0.908082 -0.439006
0 -0.819335 -0.527755
0.5 0.3 0.8 0.5 0.3 0.8 0.2 50

T
0 -0.819335 -0.527755
0 -0.908082 -0.439006
0.310424 -0.908082 -0.310424
0.5 0.3 0.8 0.5 0.3 0.8 0.2 50

T
0 -0.819335 -0.527755
0.310424 -0.908082 -0.310424
0.37318 -0.819335 -0.37318
0.5 0.3 0.8 0.5 0.3 0.8 0.2 50

T
0.37318 -0.819335 -0.37318
0.310424 -0.908082 -0.310424
0.439006 -0.908082 0
0.5 0.3 0.8 0.5 0.3 0.8 0.2 50

T
0.37318 -0.819335 -0.37318
0.439006 -0.908082 0
0.527755 -0.819335 0
0.5 0.3 0.8 0.5 0.3 0.8 0.2 50

T
0.439006 -0.908082 0
0.527755 -0.993662 0
0.37318 -0.993662 0.37318
0.5 0.3 0.8 0.5 0.3 0.8 0.2 50

T
0.439006 -0.908082 0
0.37318 -0.993662 0.37318
0.310424 -0.908082 0.310424
0.5 0.3 0.8 0.5 0.3 0.8 0.2 50

T
0.310424 -0.908082 0.310424
0.37318 -0.993662 0.37318
0 -0.993662 0.527755
0.5 0.3 0.8 0.5 0.3 0.8 0.2 50

T
0.310424 -0.908082 0.310424
0 -0.993662 0.527755
0 -0.908082 0.439006
0.5 0.3 0.8 0.5 0.3 0.8 0.2 50

T
0 -0.908082 0.439006
0 -0.993662 0.527755
-0.37318 -0.993662 0.37318
0.5 0.3 0.8 0.5 0.3 0.8 0.2 50

T
0 -0.908082 0.439006
-0.37318 -0.993662 0.37318
-0.310424 -0.908082 0.310424
0.5 0.3 0.8 0.5 0.3 0.8 0.2 50

T
-0.310424 -0.908082 0.310424
-0.37318 -0.993662 0.37318
-0.527755 -0.993662 0
0.5 0.3 0.8 0.5 0.3 0.8 0.2 50

T
-0.310424 -0.908082 0.310424
-0.527755 -0.993662 0
-0.439006 -0.908082 0
0.5 0.3 0.8 0.5 0.3 0.8 0.2 50

T
-0.439006 -0.908082 0
-0.527755 -0.993662 0
-0.37318 -0.993662 -0.37318
0.5 0.3 0.8 0.5 0.3 0.8 0.2 50

T
-0.439006 -0.908082 0
-0.37318 -0.993662 -0.37318
-0.310424 -0.908082 -0.310424
0.5 0.3 0.8 0.5 0.3 0.8 0.2 50

T
-0.310424 -0.908082 -0.310424
-0.37318 -0.993662 -0.37318
0 -0.993662 -0.527755
0.5 0.3 0.8 0.5 0.3 0.8 0.2 50

T
-0.310424 -0.908082 -0.310424
0 -0.993662 -0.527755
0 -0.908082 -0.439006
0.5 0.3 0.8 0.5 0.3 0.8 0.2 50

T
0 -0.908082 -0.439006
0 -0.993662 -0.527755
0.37318 -0.993662 -0.37318
0.5 0.3 0.8 0.5 0.3 0.8 0.2 50

T
0 -0.908082 -0.439006
0.37318 -0.993662 -0.37318
0.310424 -0.908082 -0.310424
0.5 0.3 0.8 0.5 0.3 0.8 0.2 50

T
0.310424 -0.908082 -0.310424
0.37318 -0.993662 -0.37318
0.527755 -0.993662 0
0.5 0.3 0.8 0.5 0.3 0.8 0.2 50

T
0.310424 -0.908082 -0.310424
0.527755 -0.993662 0
0.439006 -0.908082 0
0.5 0.3 0.8 0.5 0.3 0.8 0.2 50

T
0.527755 -0.993662 0
0.315394 -0.987321 0
0.223017 -0.987321 0.223017
0.5 0.3 0.8 0.5 0.3 0.8 0.2 50

T
0.527755 -0.993662 0
0.223017 -0.987321 0.223017
0.37318 -0.993662 0.37318
0.5 0.3 0.8 0.5 0.3 0.8 0.2 50

T
0.37318 -0.993662 0.37318
0.223017 -0.987321 0.223017
0 -0.987321 0.315394
0.5 0.3 0.8 0.5 0.3 0.8 0.2 50

T
0.37318 -0.993662 0.37318
0 -0.987321 0.315394
0 -0.993662 0.527755
0.5 0.3 0.8 0.5 0.3 0.8 0.2 50

T
0 -0.993662 0.527755
0 -0.987321 0.315394
-0.223017 -0.987321 0.223017
0.5 0.3 0.8 0.5 0.3 0.8 0.2 50

T
0 -0.993662 0.527755
-0.223017 -0.987321 0.223017
-0.37318 -0.993662 0.37318
0.5 0.3 0.8 0.5 0.3 0.8 0.2 50

T
-0.37318 -0.993662 0.37318
-0.223017 -0.987321 0.223017
-0.315394 -0.987321 0
0.5 0.3 0.8 0.5 0.3 0.8 0.2 50

T
-0.37318 -0.993662 0.37318
-0.315394 -0.987321 0
-0.527755 -0.993662 0
0.5 0.3 0.8 0.5 0.3 0.8 0.2 50

T
-0.527755 -0.993662 0
-0.315394 -0.987321 0
-0.223017 -0.987321 -0.223017
0.5 0.3 0.8 0.5 0.3 0.8 0.2 50

T
-0.527755 -0.993662 0
-0.223017 -0.987321 -0.223017
-0.37318 -0.993662 -0.37318
0.5 0.3 0.8 0.5 0.3 0.8 0.2 50

T
-0.37318 -0.993662 -0.37318
-0.223017 -0.987321 -0.223017
0 -0.987321 -0.315394
0.5 0.3 0.8 0.5 0.3 0.8 0.2 50

T
-0.37318 -0.993662 -0.37318
0 -0.987321 -0.315394
0 -0.993662 -0.527755
0.5 0.3 0.8 0.5 0.3 0.8 0.2 50

T
0 -0.993662 -0.527755
0 -0.987321 -0.315394
0.223017 -0.987321 -0.223017
0.5 0.3 0.8 0.5 0.3 0.8 0.2 50

T
0 -0.993662 -0.527755
0.223017 -0.987321 -0.223017
0.37318 -0.993662 -0.37318
0.5 0.3 0.8 0.5 0.3 0.8 0.2 50

T
0.37318 -0.993662 -0.37318
0.223017 -0.987321 -0.223017
0.315394 -0.987321 0
0.5 0.3 0.8 0.5 0.3 0.8 0.2 50

T
0.37318 -0.993662 -0.37318
0.315394 -0.987321 0
0.527755 -0.993662 0
0.5 0.3 0.8 0.5 0.3 0.8 0.2 50

T
0.315394 -0.987321 0
0 -1 0
0.223017 -0.987321 0.223017
0.5 0.3 0.8 0.5 0.3 0.8 0.2 50

T
0.223017 -0.987321 0.223017
0 -1 0
0 -0.987321 0.315394
0.5 0.3 0.8 0.5 0.3 0.8 0.2 50

T
0 -0.987321 0.315394
0 -1 0
-0.223017 -0.987321 0.223017
0.5 0.3 0.8 0.5 0.3 0.8 0.2 50

T
-0.223017 -0.987321 0.223017
0 -1 0
-0.315394 -0.987321 0
0.5 0.3 0.8 0.5 0.3 0.8 0.2 50

T
-0.315394 -0.987321 0
0 -1 0
-0.223017 -0.987321 -0.223017
0.5 0.3 0.8 0.5 0.3 0.8 0.2 50

T
-0.223017 -0.987321 -0.223017
0 -1 0
0 -0.987321 -0.315394
0.5 0.3 0.8 0.5 0.3 0.8 0.2 50

T
0 -0.987321 -0.315394
0 -1 0
0.223017 -0.987321 -0.223017
0.5 0.3 0.8 0.5 0.3 0.8 0.2 50

T
0.223017 -0.987321 -0.223017
0 -1 0
0.315394 -0.987321 0
0.5 0.3 0.8 0.5 0.3 0.8 0.2 50
